2.2028895
-0.99408079
-0.091263295
2.963186
0.14432499
-1.6254397
0.38725806
0.66830336
1.9335778
0.053651451
-0.67427896
-0.15401474
0.50786128
0.84817915
1.6710488
0.72481509
0.35237041
1.2257896
-0.1311023
0.83039954
1.5740781
1.3968415
1.2945951
1.3661391
-0.31084769
1.6199273
0.6425653
0.30683686
-0.083843084
2.0758075
0.65717364
0.82442148
0.26493436
0.95695111
-0.43707843
1.1208618
0.54984013
1.5885873
-0.67782629
0.47574581
-1.0476662
0.40665419
1.0982381
-0.8106255
1.2650758
1.3414183
0.34485253
1.3686295
1.7313593
1.5429123
0.47765468
1.5450927
-1.5146398
0.25095359
-1.4334698
1.5258542
2.1600204
-2.1928339
1.6542096
1.8241616
1.0408613
1.1973322
1.1973322
1.2480517
0.89709271
-1.1720001
1.6221656
0.99287348
0.9227106
-0.59019838
-0.16572611
1.3080015
1.318026
-0.42395011
1.9599842
0.88519678
-0.31843604
-2.0464587
1.7842004
1.1328583
1.8457967
1.3871929
1.5627642
1.5919121
1.289154
1.5629844
0.88883601
1.5151045
0.49678111
0.79769339
1.2076131
-0.55770912
0.078873331
-0.99816584
1.3779474
0.82347272
-0.96786588
1.0513997
1.7435509
-0.097331754
0.39449713
-0.29416469
0.20580318
-0.11511813
-0.12711665
1.4268116
0.64941213
0.54500984
0.54051906
1.1203644
1.3551708
0.0029305437
0.36844603
0.23704968
1.1264533
0.47944669
-3.4616181
-3.1763856
-0.18478838
0.18991065
0.50145964
0.48742797
0.089700948
0.13077495
-0.4217994
-1.0004227
-1.6214294
-2.2165855
-0.85474421
1.1124592
-2.3237451
-0.47669719
-1.8065518
-2.4625162
-1.0452098
-2.5447547
-2.9118162
-1.413216
-1.1332015
-2.4447207
0.36657324
0.29128167
0.31187092
-2.5286939
0.64056144
0.37322222
-0.58159669
0.76299922
-0.28187405
-1.0659107
-2.8450803
0.06569968
-2.5286939
-0.21240705
0.92443488
0.51697075
-1.6057542
0.87809484
-1.6138909
-3.2166698
0.64863566
0.34589463
0.80459464
-1.6226801
-0.3168556
-3.4310574
0.25239035
-2.3069831
-2.44462
-1.8633882
-3.4036008
0.56439924
1.4918022
-0.33908702
-1.5474262
0.87834676
-1.8025521
1.6650308
0.69891348
-1.77322
0.68902356
-2.5286939
0.81764187
-2.0602672
-3.0762175
-2.0781087
-2.6953727
-2.610512
0.26346659
-1.000991
-3.3548297
1.0291442
0.33278486
0.53786988
-1.8604216
-0.47030548
-1.9392646
-0.21174099
0.11756385
0.64098348
0.25451388
-0.22033645
0.23606396
-3.3129159
0.22401175
-0.75560081
-0.14011082
0.31043034
-0.31868286
0.32634753
0.82722934
-1.8156423
-0.16480421
0.43839848
0.55725691
-0.36060648
0.77625406
0.68323336
1.4051064
1.6650308
-0.61803257
0.16691507
1.0881289
0.68873261
-0.16698124
-0.40817283
1.7817617
0.29346995
-1.0128757
-0.80379644
-1.3339971
-1.2640854
1.1263319
-0.16350859
-0.18827431
0.82616914
0.27099485
-0.48555716
-0.86352163
1.5394308
-1.2826157
0.73740392
-1.7290257
-0.11627038
0.2670211
-0.87737024
0.97899788
0.14337821
-1.5970223
-3.4616181
-1.2851721
-0.3205222
0.33270898
-2.4557031
-1.0014053
-0.18975602
-1.602191
-1.8957927
1.490248
1.6650308
-1.0781633
0.95029785
-0.0062878906
0.13048148
-0.0064779542
1.0010323
-3.4616181
-1.018693
-1.3854662
0.51728367
0.93989921
-1.5087505
-1.1987378
1.5399707
0.55602727
0.97503093
0.84362719
-0.86352163
-0.99938923
-0.06626863
1.2481711
-1.0128631
-1.5567061
-1.2436792
-3.4616181
0.35832174
1.1384758
1.1450849
-0.17585476
1.3919434
0.85617724
0.97265586
0.081697161
0.67013726
0.42909296
-1.463622
0.47134054
-0.86352163
0.58274256
-1.2247316
0.77929575
-1.1817378
0.28354317
0.92443488
0.99978833
0.44109639
-0.01747602
0.92152586
-1.3628332
-0.33458818
0.57377336
0.62201934
0.29524907
1.1230651
0.33769424
0.1102717
-1.6597689
-2.478582
-3.0875584
-3.3608342
-0.82891082
-0.34694212
-0.16030932
-1.0493816
1.5284315
-2.2833509
-2.5442368
0.58267305
0.39435352
-2.5838207
0.70261705
0.44899673
-1.8508332
0.1827817
-2.2776076
-0.64265834
-1.1329751
0.62816519
0.24618839
-0.99925925
-0.98507766
-3.5674632
0.69353104
-1.4295044
-2.0978986
0.70072786
-0.097502313
-1.000991
1.9122871
0.82763431
1.4350935
-1.0260732
-1.000991
1.0286921
1.0286921
1.1606969
0.40823956
0.35395948
-0.2349659
-1.0819911
-0.84481508
-1.1016677
-0.18928306
-0.42487553
-2.5896017
-2.9303594
0.29707309
-0.0041693403
-0.79065918
-1.4445777
-2.5668579
-0.3173475
-0.94489638
-1.098857
1.3124976
0.19717869
0.28740195
0.26365141
1.0777769
0.21427746
-1.941611
0.38401512
-0.76512949
1.6650308
0.51571907
1.3366062
-0.60707521
0.14435998
0.55720159
-2.3917952
-2.3992915
-0.93556559
0.28003471
-1.098857
-2.9435055
-0.38190355
1.6650308
1.0131636
-1.0792836
-0.29777427
-1.0041783
-1.2332717
-1.179579
1.5105061
0.25958744
0.70020363
-1.0574148
1.5056472
0.1466202
0.60239337
0.44602713
0.78989439
1.5895345
0.61980426
-0.14441987
0.74889336
-0.42182806
0.96498971
0.76500999
-0.051818259
0.096010976
-0.24082262
0.69227331
0.63856254
-0.038626814
0.05808976
0.3714979
-0.42890476
1.0198208
0.33301935
-1.5588143
-0.86777315
1.0108726
0.13201849
0.20784934
0.23204482
-0.13954961
-2.1456956
0.51729478
-1.2977628
1.609085
-0.17085287
0.061356263
0.54488466
-0.10477241
1.6650308
0.77995504
0.9598167
-0.33628267
0.0097553958
-1.000991
-1.3835445
-0.071969738
0.02745712
-0.41333819
-1.1101331
-1.4110686
-0.99921753
-1.0906395
-2.9848586
-1.4040735
-3.4616181
-1.3374258
-0.65449714
-1.0464646
-0.96072717
-2.0681288
-1.2334255
-3.3263631
-1.3632356
-2.573284
-3.4758475
-3.3681342
-3.4616181
-1.6355451
-2.344738
1.6299831
-0.1006842
-3.0824413
-1.1303561
-3.2818807
-2.3917952
-1.8454747
0.69125625
-0.86352163
-0.50843327
-3.7263061
-2.9135261
0.58646302
1.8635349
1.1423821
-2.0041457
0.013713635
0.31278909
0.8763183
0.8897833
0.74928669
-0.54342399
0.43233594
1.6650308
-3.4616181
-1.3062374
-0.62760967
0.02003962
0.73496919
-2.3651444
1.0768321
1.5120799
-0.65696463
1.1464811
0.32911734
1.6650308
0.70984775
0.65229542
-2.3304122
0.18656135
-1.4886812
-2.074946
-0.90367292
-2.310735
-1.6558602
-2.1314688
-0.20839089
-1.5835629
-1.0969466
-1.1918477
-1.0956832
-1.0331035
-0.10352307
0.21169579
-0.45914421
0.84924574
-1.1001915
-1.095958
0.098421868
-1.1135216
0.97265586
-2.040773
-1.3266076
0.28372046
-0.80165922
-1.0493816
-1.7331957
-0.89296371
-1.0199996
0.82722934
-0.91784211
-1.1864537
0.46119941
-2.3345389
-2.7199948
-2.9689539
-1.7499002
-0.99116522
-0.86352163
-1.0344006
-0.57207084
-0.86352163
1.3177737
-0.57006234
0.32512372
1.5561932
-1.2761982
-0.35097375
0.070408985
1.1540025
-1.6841768
-0.077807623
0.310596
-0.1061421
1.4150503
1.6650308
0.17148109
1.0242013
1.2513014
0.82722934
0.29555362
0.51697075
1.2495593
-0.71684498
-1.1799266
0.82722934
-1.000991
0.89334695
-2.890006
0.42705797
-1.3425153
-3.4616181
-3.4616181
0.28694988
-1.0189662
-1.3085976
-1.0501084
0.91919531
0.57623887
-1.2185866
1.0227605
-1.000991
0.26831257
0.26403597
-1.4485466
-1.7499002
-1.0373637
1.0237649
1.1754542
1.6650308
0.4071444
1.311605
1.1639692
-0.36343494
1.2821985
1.6650308
0.32761744
-0.96072717
-0.96072717
-1.3717481
0.55473099
0.77706365
-0.96072717
-0.85306917
-1.1286278
-0.97271198
0.67138885
-0.86352163
-1.9441742
-1.0236498
-1.000991
1.167472
-0.89750241
-3.4616181
0.9233696
1.3712536
0.49071942
0.11929444
-1.2139049
-2.7009558
-3.4111648
-1.5019094
0.72200831
0.56145001
-2.8406406
-0.15071631
1.0485292
-2.2687772
0.47938632
0.48367468
-1.8138344
0.48132638
0.26654266
-2.7113635
0.29582461
0.96207249
-0.012171025
-1.4328339
-2.2165855
-1.524344
-1.0460958
0.081858794
-2.3917952
0.45352912
0.42023747
0.86758163
0.89525559
-0.67363386
-0.021183734
-0.54466138
-1.000991
1.3980844
-2.6889033
-2.3507493
-2.1098532
-3.2674159
-1.1303561
-3.4934988
-3.4616181
-3.4616181
0.86312492
-1.0005932
-3.083781
-0.92016533
-0.92016533
-3.5342903
1.5931322
1.1642028
0.45083066
0.31508155
0.097911276
-3.4616181
-0.65916313
1.3292217
-1.3615915
-0.97490665
0.23659633
-1.2458427
-1.5567061
1.3980844
-0.34212087
1.2086321
0.13098648
0.94863403
-1.0711771
-0.052323985
1.36013
0.25603399
0.47427648
0.26346844
-0.0026560366
0.94195915
1.0865293
0.88104778
0.79868714
0.78889247
0.95516124
0.00053814136
1.5811757
0.86971012
1.1041768
0.35626814
0.4723691
0.68461892
-0.14738344
0.035037269
1.2259995
1.2441415
-0.8947947
-2.7251635
1.2262833
0.92811573
-1.1074399
-0.28192134
-2.256872
-1.0851408
-1.6814301
-1.0577461
-0.14075989
-1.3787088
-0.68674493
-2.1175826
0.94928234
0.99481135
1.1970042
-0.0023555993
-1.7138927
-0.053914602
-0.033848279
1.6650308
-0.77603911
-0.86352163
-2.3917952
-1.4145472
-3.0864361
-3.359541
-3.3670047
1.0716531
-3.0667995
1.6650308
-0.69033989
-2.3367129
0.51146359
2.4427637
0.81787934
-0.86352163
1.2868229
-0.93262833
0.41027349
0.66758997
0.58411611
1.0758131
0.30911203
0.39448243
-1.4614996
0.46692562
-1.0197766
0.78514688
0.96284826
0.36770921
-1.7520208
1.5204204
-2.4126676
-2.1262604
-1.3072308
-1.2616697
-1.1191406
-2.0457527
-1.0218605
0.35796152
0.12346884
-1.9360691
0.46377079
0.45411
1.3146988
1.0923496
-0.033975
-0.24478785
-1.2702588
1.5280755
1.2308981
0.84287986
-0.95979754
1.2702858
-1.098857
-0.76546292
0.87903718
-0.066877418
0.86241606
0.54669621
1.2340303
1.3867412
0.96980193
1.2290535
0.87467398
0.87371477
1.7081322
1.3956423
0.62782052
0.22569748
-0.019291293
0.63851311
0.88217387
0.25611912
-0.1590975
-3.4990886
1.0432775
0.91689527
1.0923723
-0.23422711
1.1449112
-3.4616181
-0.91927696
0.92001481
-1.0119424
0.01681171
-0.041918429
0.63942289
0.40614113
-1.7641189
-1.6988608
-3.1662998
-1.7137323
-2.044336
-2.1999767
-2.1256448
-0.15485033
-1.1403659
0.69874253
0.46485615
-0.51457019
-0.98003056
-2.2165855
-1.1407651
-0.47747696
-0.29571602
-0.034285743
-3.4616181
-1.2964598
-0.88962739
-1.1512955
-0.68975763
-3.4683053
0.77367921
-0.98208142
0.91411801
0.24618361
-0.40605581
-0.40049839
-1.4751795
-2.3545297
0.67802555
-2.1508655
-2.5887158
0.031786342
0.21919536
-0.36820215
-3.4594948
-1.0106699
-3.4616181
0.30328585
-0.74025152
-0.29370656
-0.096866407
-0.48965758
-1.7909241
0.51085857
-1.3584724
-2.0803967
-2.438593
-2.5585196
-2.2675721
0.87449801
0.77789418
0.98287178
1.0080303
-0.17352146
0.11230795
-1.047163
-3.4616181
-1.4967206
-1.5160023
-1.529504
-1.3593959
-1.3584724
-2.1314688
-2.2165855
-1.6067391
0.3587579
-0.037931555
0.53293532
-1.7499002
-1.964225
-1.3934051
-1.1056514
-0.99298263
-3.1973927
-1.4092974
-1.5020619
-3.4616181
0.33479002
0.77093041
-0.86352163
0.13167053
-0.31619252
0.64995141
0.62688699
0.50848545
1.3137168
-0.24017593
-0.69575282
0.10704665
0.75604315
0.96594264
0.64825408
0.73938621
1.2292988
0.89416149
0.87749335
0.94754919
0.19731943
0.26715034
-1.4401616
-3.0788406
-0.60031845
-0.24184937
0.66588173
-0.45232238
-1.9196056
-1.7918946
-1.4384728
0.84498224
-1.0603531
0.56963516
0.61436741
-0.41897817
0.71973128
-1.0506559
0.73540226
0.40188713
-1.3300535
-1.1987378
-0.72400406
0.93534911
-0.86352163
0.69264426
1.0133178
0.84408192
1.0965918
-0.43073014
0.4115615
0.60295713
0.074389899
0.36939291
-0.57876251
-0.10604909
-0.099006797
0.70503215
-0.94302155
0.63522961
0.70614326
-0.052337332
-3.4616181
-1.6310938
-1.7499002
-1.5072591
-2.2613467
0.84000009
1.1076706
0.86810984
-0.70615894
1.1227209
-0.3734661
-1.2535149
0.50849755
0.6488409
0.67192783
0.50946347
1.2431204
-1.1494076
0.36106208
-0.86748949
0.58577007
-2.9294253
-1.4012279
-2.015222
-1.5799257
0.39570905
0.92443488
-0.63531292
-0.42754525
0.82814194
-0.30352442
-0.082252636
0.31443155
-0.43211692
0.057827517
0.83071576
0.0081951322
-1.000991
0.97773898
-1.000991
-0.0059717644
-0.92699855
0.0010090219
0.072449471
-1.618355
0.2835166
0.080909631
-0.60452925
-0.4215657
-0.99970614
