0.11313377
2.4162133
0.64774391
1.3157889
2.0228226
2.8124115
3.1737262
1.8767964
3.4484289
2.5966711
2.7187747
3.2161245
1.8043093
2.7688869
3.3214349
3.1147302
2.4415939
2.7392504
2.9968968
3.226892
2.544596
1.9633657
0.37668532
0.34563938
1.1192583
3.0362709
1.9058318
2.0564484
1.6075378
2.6639211
3.0168202
2.5357846
3.3502013
2.7996288
-1.1125659
1.2061417
2.2292597
3.2511589
1.3648553
3.1348679
2.3230145
2.3320204
0.70312202
2.2106031
3.5208917
3.1896434
0.28020854
2.9608444
-0.17188282
3.051466
2.6840943
3.4396543
3.2245687
0.16812491
-0.96818109
3.309342
1.8450833
2.2716269
3.2851927
2.204065
1.8613134
3.3978073
3.3306931
2.7387778
1.789623
0.87617032
3.6541516
2.1839276
0.7166476
2.798069
2.2773323
-1.2280182
1.1088545
-1.3022474
2.8451736
3.4232539
1.7888823
1.7348482
2.0090213
1.3546273
2.2634801
2.8436676
1.5887507
-0.11776234
1.4407475
2.0699515
2.4556348
1.9646262
3.679616
2.7459613
2.8729104
1.2802535
1.160552
0.40430066
-0.32325001
2.4162132
2.2164964
2.6372857
0.16227116
-1.4413759
2.9914505
1.7358429
1.6946498
2.2182358
3.0290908
2.4674758
3.014772
2.740384
2.0059515
2.7518385
2.408876
2.9640682
2.9026127
1.8435615
3.6852656
1.3260247
1.7009395
1.8328341
2.3118822
2.2420496
1.2609483
2.7536712
2.7162987
0.9626205
3.3170253
3.6325511
1.8329599
2.3849241
3.3555936
1.8967849
3.2688622
2.3576095
2.6737732
2.6647272
2.9875743
0.94384404
2.9637786
3.7111233
3.5211671
-0.78908937
2.7316317
2.7530681
1.1258654
1.7828164
2.614226
0.69447183
1.423805
2.982012
-1.148737
-0.88270121
2.754511
-0.79140712
2.8459624
3.0058977
2.3312809
1.1916242
1.8128934
1.1082766
0.83565681
2.6180525
3.0439688
2.8090894
2.4273809
2.0135967
3.0868531
1.8640478
3.0992581
3.352202
2.8523643
3.2541773
3.0142082
2.7557308
1.5327648
1.1058565
0.44129307
2.8303404
2.9316392
2.2868581
2.0506905
1.8461522
2.9312459
2.4589945
2.6134814
2.982012
2.6241371
1.495947
1.7524416
1.1714852
0.19213845
0.75520374
1.1144736
2.2376646
0.077935132
1.7070291
3.1478848
3.2423342
-0.94513975
3.1410839
2.5449877
3.283211
2.7819675
-1.282099
2.319577
3.1886187
1.7408524
2.5135889
2.6557725
3.1204175
2.969329
3.1794079
2.2922036
2.5032644
3.1397133
2.0133517
0.69584305
3.6891623
0.78590081
1.5599365
2.6357805
1.2861845
3.1649033
2.8157419
1.2437808
2.119932
1.8688783
0.71152498
2.9839478
1.9748326
0.13517059
2.9325127
2.3358478
3.4715366
2.7786968
0.49075227
-1.7135089
1.6782248
-1.2256569
2.1412526
2.4349573
2.6876449
-0.21988433
2.7786095
2.3764117
2.7041177
2.4497308
-0.87652501
2.5578273
2.6349333
2.8056838
2.8101375
2.687201
0.6725497
2.8015582
2.4951144
2.6782804
1.9296775
1.9423602
1.5950675
2.9044703
-0.89726535
1.9613726
1.8125267
-0.51595905
2.9378133
2.67424
2.4814287
0.32029176
2.1848572
2.6443013
-1.0501108
1.4505193
3.3902222
1.5021824
0.57712082
3.0672217
1.7084534
2.3879861
0.15900941
1.3175958
1.7158821
2.2221898
1.0273217
2.521471
1.7606389
3.0732799
3.3956445
3.0578016
0.59869023
2.3489387
1.1249084
1.7149071
2.5501321
1.5691034
3.1452565
3.067091
2.1080913
-0.95180625
0.55784517
3.2528818
0.62530774
2.9026171
0.20106014
2.4153969
3.351061
2.1999222
2.7420177
2.7429296
1.8829598
3.2456435
2.3458141
2.037207
3.3070545
2.7111299
1.6867322
2.1599157
1.8397287
2.5322853
1.1839827
3.3641699
0.51065789
0.21909789
1.9233803
1.9233803
3.2804224
2.7779709
2.2208208
3.5267292
2.7794286
3.5417846
2.769067
2.4430291
2.1550088
2.3570572
2.4438044
0.94627749
2.1172529
0.80400975
3.2065255
2.1451842
0.65487652
1.9128753
0.90244722
1.5825777
-0.89042741
1.2085221
2.6551009
2.5139273
-1.0219842
0.61108455
2.4384523
3.0157236
1.8320947
3.4675715
2.2817402
-1.2489494
3.1354547
3.2528264
1.9511491
3.2285284
2.2250488
1.630626
1.3060206
0.86068936
1.7504306
3.151243
2.7433937
3.6216892
1.9178729
0.90092482
1.3391992
1.8039355
2.0874902
-0.11601443
2.5529805
2.890722
1.6702896
2.976009
2.5052232
-1.4527408
3.3416825
2.6821047
-0.002306009
1.7725076
2.5413437
2.9821143
1.8979236
2.627926
3.2865142
3.0904923
2.9023504
3.1676031
3.4627589
2.621474
-0.74923309
3.3814516
2.4511479
1.0003061
0.84380949
-0.86174188
-1.1274723
-0.99456177
-0.89532929
1.116138
0.23159394
-1.2559324
-1.1041691
-1.1092653
-1.0860929
-1.0662341
-1.1071544
-0.70795092
2.2293714
0.20383841
0.18043133
-1.0962574
-1.2142552
0.34348691
0.87361901
0.1618515
-1.0858446
0.47597629
-1.2812396
0.66203239
-1.0799272
-1.4238643
-0.8987845
1.3761583
-0.83849848
-0.74602127
-1.2963954
0.16536144
0.14641919
1.3588995
0.87579223
0.96470296
-0.22913872
0.30068543
-0.62802772
-0.75219082
-1.0000199
-1.3444815
-1.0949131
0.65588266
-0.89838272
-0.33349947
0.78585751
2.1632124
1.0611495
2.4696405
1.5084296
-0.87182501
-0.86707292
0.21745619
1.8524237
-0.76656745
-0.89604035
2.0392067
1.2869282
-0.8987845
0.74773455
-0.54987205
-1.3993892
-1.1273076
-0.97659031
-0.96728289
0.20395504
-1.5681226
0.40859252
0.28499496
0.74084534
0.51375938
0.41927785
0.95614001
1.149852
-0.86808547
-0.83327441
0.8999752
-0.74923309
-0.91760638
-0.91247249
-0.89604035
1.5468582
2.7136723
-0.97743425
2.6914694
-0.75180542
1.8271401
0.39316974
-0.85594688
1.2815801
0.71882111
-1.0683176
-0.91396189
-0.32910117
-1.1964467
1.7009395
-0.8857732
-1.0931354
-0.9356197
-1.0813654
-0.87247327
2.9556544
0.15530573
-0.86707292
1.2444244
-1.1158518
-0.89604035
-0.9867076
-1.3341396
-0.90670663
-1.0320359
0.25076693
-1.1880916
1.2590423
-1.5681226
0.73721814
0.37153155
1.1103525
0.18190536
-1.2253848
-1.222667
-0.82041075
-0.95342704
-0.1705264
0.51020839
-1.1710122
-1.2117584
-0.8499046
-0.75219082
-1.167409
0.0010908022
-0.15855265
0.83584056
0.98206827
-1.2578687
0.4420902
-0.34031058
0.082967394
0.15278275
0.48063086
0.32793315
0.79723483
-0.89604035
1.4968107
0.44397673
-0.89604035
-0.042126304
1.1089274
0.50989965
1.6185467
-1.2848278
1.5664127
1.1392125
-1.0075958
-1.1236168
-1.0137125
1.0424002
-0.94304549
-0.95702825
-1.067035
-0.89604035
1.7009395
0.95039377
-0.89604035
-0.042903699
-0.8204186
-0.91363208
-0.19489671
1.5367753
-1.2010974
-0.95429737
1.7009395
1.7009395
0.97244584
-0.89604035
-0.90014918
-0.74923309
-0.81274744
1.7009395
1.7009395
0.71727669
0.74737593
-0.75840211
1.7009395
-1.0163377
0.39182754
-0.75219082
1.1879135
-0.8409978
-1.2641184
-1.1908005
-0.77754691
0.74782624
0.91115946
-0.74923309
0.68464483
-0.27143818
1.7009395
-0.054846074
0.93912918
0.79520143
1.5545014
1.2913435
0.29461696
1.9405031
1.1276754
2.177166
0.24111825
-1.1152441
-1.1763158
-1.000608
-1.0834829
-1.0834829
0.98330054
-0.90014918
-1.0417658
-0.96452524
-0.75219082
-0.86707292
-0.98777899
-0.86707292
-1.0303893
-0.88168164
-0.29247944
-0.957773
-0.44814423
0.17548376
2.2793385
-0.86707292
-0.99923309
-0.64689303
0.87658675
-1.0363969
-0.75219082
1.8315789
2.2573046
0.30988129
0.043864432
2.9851784
1.5441751
-0.90929741
-0.6093954
0.98077149
0.79723483
-0.90400308
-1.0000199
-0.60824482
-0.83636453
-1.309077
-0.89604035
0.57131102
0.32554676
-0.81087864
-0.83451419
0.87949214
-1.1514438
2.0700372
-0.9047983
0.044821308
-1.1420294
-0.92636189
1.8412571
-0.88254727
-0.60441362
-0.71515013
-0.76254349
-0.89931546
-0.91969076
-0.038944448
-0.98675467
-1.0043185
-0.19590427
0.49586198
1.0357882
-0.88203163
-1.2443008
-0.89604035
-0.92122456
2.619809
1.1754835
0.80384384
-1.1110739
0.14407046
0.90808643
-0.75219082
-0.11763625
-1.3198216
-1.4238643
-0.97432524
-1.2018244
1.2076737
-0.83028409
1.8273543
0.36533315
1.7009395
-0.14454606
-0.85554361
2.2878427
1.4556611
2.7888969
-0.74923309
2.2891594
1.0511645
-0.021532318
1.1066317
1.7009395
2.4480909
1.9292513
1.1446754
-0.38245712
-1.186383
-0.75219082
-0.73195654
-0.89604035
1.6965732
0.81394552
1.8512388
-1.0369372
0.10608337
1.0250096
-0.39777113
-1.3265306
-1.1293232
-0.031319097
-1.267449
0.81863839
0.29451311
-0.78581933
-1.0860929
-0.74923309
-1.0400581
-1.2133264
1.5941295
1.1853107
0.33172375
1.7024041
-0.98566872
0.23962416
0.99798993
2.2067032
-1.0536655
-0.32783548
-0.93336831
1.7399568
2.3868668
-0.86019374
-0.85328045
-0.96825429
1.2268606
1.8631182
1.4404611
-1.1391524
-0.78161573
-0.425808
-1.8576726
-1.409582
0.68875957
-0.85800045
-1.0311731
-1.0083477
0.71424906
1.2864901
2.2115821
2.3047403
1.1803253
-0.86707292
-1.2311571
-1.1387316
-0.09738829
-0.92692926
-0.66052266
-0.40811796
-1.2262694
-0.85594688
-1.0499092
-0.69859272
-0.89604035
-0.91419832
-0.74923309
0.1953535
-1.0013245
-0.93187068
1.7785399
-0.84733778
-0.97924611
1.2787022
-1.0308048
-0.89604035
0.86915959
-1.4723518
1.1118558
2.008266
0.98330054
1.7009395
1.2111865
2.4831282
0.48223229
-0.82349537
-0.99973747
-1.2659468
-1.2659468
-0.74923309
0.033063273
-1.1145125
-0.99973747
0.23373114
-0.86707292
-0.26923352
-1.1160274
1.0787582
0.85459409
3.0362759
0.082307385
0.60117471
0.8408138
1.4761369
1.9558399
0.23870055
0.12583682
-0.2988725
0.26995295
-0.31360605
-0.86707292
-1.208968
-0.20009683
-0.26857274
0.57167315
-0.66839085
0.20395504
1.1375496
-1.0816997
-0.89604035
0.33469893
-0.84350045
-0.077465792
-0.84559372
0.057315223
-0.25195476
2.9705031
-0.98777899
-0.86707292
1.6886813
-0.1703347
-0.9090352
0.58285392
-0.80017518
-1.2446539
0.69745868
-0.58987246
-0.65938991
-0.97948847
-0.79224423
-0.030365526
-1.3148898
-0.86590902
-0.74923309
-0.93219219
-1.14609
0.090116981
0.94169739
1.4931241
1.8219231
0.93839803
-0.4292601
0.99798221
0.60369112
-1.0980957
-1.1071049
-0.60150907
0.50911905
2.1861688
1.0942688
0.50735169
2.8703545
1.2645246
1.6811471
-0.19717894
1.0659543
-0.85864855
-1.0010362
-1.0507221
-0.31145911
-1.222667
0.52100368
-0.74923309
0.33367578
-0.13697273
-0.76641529
-0.89604035
0.75914698
-0.86707292
0.71346502
1.2032166
-0.61950766
2.0898365
1.5204355
-1.1099512
-1.2251121
1.4338454
1.1199474
-0.75219082
1.0623055
-0.86950127
0.8061672
0.36500547
-1.5508196
-0.44287285
-0.47773688
-1.0225591
-0.92987261
-0.81881053
0.80555165
-0.03595914
1.8707349
-1.0941039
-0.74923309
-1.0835455
-0.2121542
0.61831167
0.88950261
-1.0208219
-0.54537569
-1.02594
1.4673645
1.3832863
-0.99714119
-1.0708942
-0.66759943
-0.8780897
-0.51758776
-0.39971056
-0.15080678
0.87658675
-0.72892551
0.85961748
-0.52909823
1.2873136
3.1285649
-0.99540367
0.45938739
-0.78615881
0.85961748
0.29111843
-0.97397022
-0.61056333
-0.61056333
-1.0991178
1.9310979
0.57866673
1.0651808
-1.2612853
0.80440544
0.71331572
0.8909518
2.6537647
1.2136391
1.0742143
0.77287465
0.45145601
1.3124224
-0.77754691
-0.78410029
-0.62358566
-1.1023692
-1.222667
-1.3075951
-0.93948205
1.0992212
-0.89033889
0.034717582
0.29147101
-0.86707292
-0.037015699
2.2015962
-0.43575192
0.42703475
0.1737153
-0.20080078
0.67172998
1.2869245
-1.0023972
-1.1506006
-0.78148265
0.82007182
-0.90477898
1.0307268
2.9484485
1.782092
-0.86707292
0.17087398
-0.43612377
-1.0494818
-0.049522854
2.5558077
-0.99807681
0.85874348
-0.92824715
0.37551702
-1.0710224
-1.0399629
0.39121685
1.1222121
1.4507544
2.0143964
1.7698354
-0.75398561
-0.9220118
-0.74923309
-1.0099018
0.19461361
-0.96321832
-0.89604035
-1.0777027
-0.066986401
-0.049823623
-0.0094046099
0.42106165
-0.99938604
1.271947
-0.86707292
0.051551019
-1.0630438
0.14740584
1.9417229
-0.4085271
-0.83855817
1.8588106
1.3645503
1.3768466
0.32559893
-0.86731505
-1.2172722
-0.37527475
0.90740689
1.4613821
0.92520813
-1.2601088
1.5982752
-0.86707292
0.20476349
-1.2921878
-1.4238643
-1.0409827
0.081071107
-1.0256471
-0.8435159
-0.58751837
-1.1387865
-0.97618169
0.81153263
0.79042106
-0.96530734
-0.79759288
1.3904986
0.3938733
-0.96598488
-1.0696949
1.7009395
-1.1524007
-1.2812396
1.6921581
1.9334488
1.4869339
-0.8499046
-0.86707292
2.4757512
-1.1327728
0.60380239
-0.84313465
0.22946538
-0.72914328
-0.83844384
-1.0726776
-0.74923309
-0.12412866
-1.0930602
0.6653747
-0.37308151
-0.74923309
-0.74923309
-1.0836006
-0.83091315
-0.8124919
-0.86707292
-0.96149246
0.37114585
1.9022003
-0.0058100445
1.2132712
0.61933595
1.7009395
0.079739941
1.7009395
0.59826935
-1.1497593
0.29458776
0.02774995
1.2515009
-1.2863861
-0.86707292
0.71939427
0.53829385
1.4327046
-1.2918849
-1.0000199
0.6840237
-1.4263499
1.5483224
1.8574719
0.5174601
-0.93935493
-0.90812937
2.0805264
0.6653747
-1.0041653
2.4485804
-0.88055108
-1.0600513
-0.64721317
-0.56727173
-0.9598151
-1.3983465
-0.92681606
1.2894918
-0.46488363
0.87664301
0.17374944
-1.0559813
-0.83189106
1.1946413
0.98330054
-0.8899617
0.6653747
-1.0688506
1.0292084
0.23339618
-1.1449159
1.7009395
-0.66430775
0.87426191
-0.74923309
-1.1232635
-0.96825429
0.6653747
0.14419481
-1.0680756
1.2618854
-1.5421926
1.5941295
-1.0773245
0.27213918
0.5777748
0.01072849
0.91282102
1.1221505
-0.82845534
2.8027216
1.0939174
-1.0768766
-0.89604035
-1.2638594
-1.3723582
-0.90014918
-0.63706393
-0.90477868
-1.4879091
-1.1044822
-0.89604035
-1.8216594
3.0626066
-1.1681004
1.0498942
1.3526705
0.028069662
1.1792093
1.9360052
0.74155248
1.9423245
-1.1563365
0.5825857
0.80229052
-1.1271976
-0.0080232057
-1.0967775
1.3235206
0.88430192
-1.050019
1.6103478
-0.89604035
-0.92122456
-0.92342311
-1.1990586
-1.1242234
-0.021996331
0.87767094
0.096251392
-0.96932304
1.3259356
1.6811812
-1.1271976
-0.12407014
-0.89594558
1.2846348
1.5028767
1.2417419
-0.67939119
1.4646032
0.31221518
2.5804532
-1.309077
1.210835
-1.0182474
2.556673
-1.2981613
-0.89604035
0.74464153
0.11842115
0.91379841
-0.032677735
-1.2998546
-1.0008363
0.14696482
0.20395504
-1.2114069
0.30895817
0.24763672
0.014741955
-0.70491871
-0.4019113
-0.89604035
-0.3712419
-0.99941529
1.770041
-0.75219082
-0.86707292
1.5153577
2.4244499
0.78471419
0.040392225
2.6825106
1.3443646
-0.74923309
-1.1481712
-1.4471742
-1.300879
-0.82196604
-0.89604035
0.20494424
0.53060772
-0.99109318
1.4005978
2.0495884
1.9218416
1.2732251
-0.92554438
0.43022864
-0.11271909
0.22829363
1.9811159
-0.90014918
-0.99973747
-0.75132452
-0.82067479
2.1633559
0.42476787
2.4956581
-0.44118099
-0.95320423
1.2828709
1.7009395
2.5683657
0.99296218
0.80617778
2.0884974
0.31802933
-1.0557131
-0.86707292
-1.3048874
-0.94752662
-0.99314733
-0.53276233
-1.6495327
-1.2787464
-1.151979
2.0761905
2.0693543
-1.5823484
-1.1304184
-0.043236836
-0.47880214
-1.1569797
2.8289333
-0.73188247
-0.86707292
-1.1608233
-1.1691088
-0.957773
-1.0752777
0.092309549
-0.92714361
-1.0967775
-0.99957964
1.8901622
1.2186721
-0.78410029
0.98120911
-1.0967775
0.15491503
-1.0835455
-0.36967861
-1.4238643
-0.77754691
-0.91455814
1.3262038
-0.89102383
1.3767643
-0.89821508
1.4217695
0.75175129
1.9968406
2.4206246
1.2476493
1.4906037
2.6393844
0.79840919
0.059628773
-0.89880537
0.78103459
1.0437752
1.7663648
0.80561468
1.6739505
1.5141566
-0.15764354
1.3192147
2.2461084
1.2635183
1.3529688
-0.072227785
-0.88809825
1.0900176
-0.16644024
1.7504636
1.9003912
2.0753989
-1.106705
-0.56453247
-0.27329216
2.0108058
-0.75087215
-0.83284353
-0.73885837
-0.74689638
-1.2064778
-0.61911736
0.5815091
-0.23102177
0.90256723
-0.86707292
-0.70154486
-0.86013443
-1.3471897
1.7858134
-0.52704202
-0.74543677
-0.57723451
-0.48986984
-0.79224423
-0.53268793
-0.74094478
1.5510776
-1.0816508
0.9312654
-0.23579372
-0.86707292
-1.1275099
-1.0002244
-1.1421212
-0.02388432
2.4628626
-0.84780412
0.69792327
-0.74987227
-1.2315701
-0.28670808
-0.91704721
-0.81858336
-1.2639081
-0.89669307
-0.89604035
-0.89604035
1.7009395
-0.74457247
0.51863143
-1.449252
1.2609561
0.7771704
0.11494366
-1.0662083
-0.43661383
2.243087
-0.75219082
-0.47950338
-0.92393457
-1.2443008
-1.2825287
-1.282205
-0.20970106
1.8962182
-0.89604035
-0.27063269
-1.3189482
-0.79891493
0.15646917
2.1382173
-0.75219082
-1.5007272
0.94188502
-0.9399882
2.0868266
-0.91036464
-0.82781883
1.406826
-0.76656745
-0.43861236
-1.1113087
1.4105447
-0.20409896
-0.89102383
1.7009395
1.7009395
-0.80245122
0.54405805
-1.4238643
-1.1055632
-1.140318
1.8601655
0.83397258
1.7009395
-1.4814544
2.3423786
-0.8670458
-1.2350875
0.073457034
-1.1316985
-0.89655393
-0.0067680037
3.0652103
1.1392291
-0.95430067
-0.99265471
-1.0831004
-0.86707292
0.91017732
1.3559584
0.033661556
-0.57696313
1.6815952
-0.58037541
0.42738741
-1.0509349
1.5269501
0.59218791
-0.74923309
-1.4049596
-0.86707292
-0.13437263
-0.25404753
-0.91500194
-0.85586755
-1.1668466
-0.5341501
-1.0510933
2.8225143
1.2481378
1.8140151
0.1680032
-0.90014918
0.19445237
0.98120911
-0.33950448
-1.0779563
-0.203924
-1.0266276
-1.5681226
0.98588456
1.6284199
0.65763438
0.87658675
-1.3368443
0.98330054
-1.1713493
2.2628225
-0.41589974
0.27177683
0.87658675
-1.0043185
-1.2443008
-0.74923309
-1.2540725
-1.0432097
-1.2494133
-0.9611837
1.90999
-0.99410487
-0.92744809
-0.99714119
-0.054163444
2.4838749
0.050721983
-0.032719494
-0.88645778
1.8307338
0.0090556838
0.80476118
1.2739684
-0.46461564
2.1622254
1.2703527
0.532114
-0.10802458
0.25740788
-1.2494133
1.7009395
2.0363565
-1.1235172
-0.99593423
-0.23225465
-0.90151279
2.0560952
-1.4771773
-0.96374168
1.2751246
0.16736786
0.074819333
-0.95806247
-0.69217895
-1.3314031
-0.93575084
-1.2018549
0.36912687
0.20051697
0.77668634
-0.042126304
-1.0417658
-0.92531737
-1.1272093
2.2696625
1.0963316
1.9447814
1.846821
-0.51296809
-1.0390266
0.56555531
2.2423159
-0.95873483
-0.90051013
-0.24923308
1.0540883
2.7145552
-0.86707292
0.4206276
-1.2224431
-1.0734388
-0.38119791
0.37150992
-1.0091313
-1.2658608
0.16248442
1.7009395
-1.3179867
-0.80835344
0.37525139
1.7009395
-0.13124284
0.3907997
0.39679239
-1.2319804
0.20784134
-0.86707292
-0.87577115
-0.89604035
-0.98291295
-0.62347011
-0.86707292
-0.86707292
-0.86707292
-0.86707292
-0.86707292
-0.85207723
0.17285726
-0.052725716
-0.29029565
0.40806508
0.81958043
1.9007555
-0.67297479
-0.89604035
1.385827
-0.9216393
-0.84051032
0.34744934
-0.76606461
0.15631537
-0.7996695
0.6653747
1.1362742
-0.045402683
-0.21699955
0.76531665
1.7136011
-0.3928782
-0.17875744
2.1690109
-1.1973125
-0.86707292
-0.86707292
0.18043133
-1.3507846
-0.92665016
-1.0002244
-1.0243418
-1.0896693
-1.0604585
-0.91005289
-0.99626652
-1.0123773
-0.957773
-0.93766935
1.0649266
0.43134459
0.35351864
-0.62708639
-0.87983393
0.12325805
0.034140833
1.2521469
2.3317767
1.980199
1.5903542
0.40402949
-0.87983393
1.0379338
0.15353642
1.7009395
0.087209864
-1.1905453
-0.96890903
-0.082389233
-0.86707292
-0.957773
0.41891774
-0.86517761
-1.0320072
1.1409411
1.7311178
0.81280648
0.061005605
-0.35585281
2.645793
0.67768891
1.2461251
2.6482477
-0.57072153
1.6905181
0.15238156
2.5492927
-0.8865979
1.7009395
0.15387519
-0.60976688
-0.46056476
-0.87729051
-0.94219784
-0.94219784
-0.92122456
1.5978992
0.71882111
-1.0925512
-1.0837592
-1.1008848
1.3038322
0.16017456
-0.99714119
-0.29663512
1.3368539
-1.3154946
-0.84733778
0.049759125
0.000114921
0.98330054
-0.91304031
-1.1736872
2.1246425
1.8824439
1.7009395
-0.98184927
-0.90014918
-0.90014918
-0.86707292
-1.0876436
2.5920556
2.2520232
-0.20148458
-0.79233527
-0.63445328
-0.68737959
0.56604066
2.200834
1.5409212
1.6004483
-0.11864679
-0.8228219
0.68212494
-0.017989696
-1.1027865
1.6055011
-1.1905813
-0.89604035
-0.86707292
0.18043133
-0.25638017
-0.92632109
-1.3380642
-1.000195
1.4964655
-0.25988385
2.0746009
-0.94598852
-0.75219082
-1.1213635
-0.95092209
-0.79056834
0.26680123
0.094650408
-0.86770147
-0.86707292
-1.0009558
-0.89604035
-1.1006377
0.14392897
-1.1415466
0.59885274
-0.82492083
-0.81579059
0.17161038
-0.95713747
0.40425825
-0.74923309
1.7009395
-0.74923309
-1.0837909
0.25314986
1.6751686
1.7009395
0.16050649
-0.89604035
0.65881496
0.89460408
0.077631593
-0.89604035
-1.4613748
0.30542682
-1.4613748
1.0179861
-0.91764365
-1.4613748
-0.84510293
-0.74923309
0.22888907
-1.0009543
1.7009395
-0.74923309
0.59883276
0.59837329
-1.20622
2.069567
0.28507439
1.7009395
0.87949214
0.36597496
0.35974763
0.36196578
-1.2946351
-0.95669004
-0.9487937
-0.6373295
-1.2769591
-0.75219082
1.7009395
-0.75219082
-1.0654609
0.54845068
-1.1523698
-0.93766935
-0.63873084
1.8188955
-0.89630359
-0.75219082
-1.3726318
-1.3265306
-0.39777113
-0.80454265
-0.80328947
-0.93652048
-0.96591335
-0.74923309
-0.75219082
1.4371352
-0.026170997
-0.99459531
0.15613961
-1.4049596
1.7009395
-0.86809278
0.66366705
-0.83255843
-0.0066601973
-0.25483314
-0.96511738
-0.81563152
-0.36961021
0.30671655
2.3056076
-0.94275402
0.34982298
-0.957773
0.62122498
0.22698004
-0.91987743
0.98330054
2.7547739
0.064993667
-1.1984998
-1.0876708
0.87517719
2.7749487
1.8914363
0.46993942
0.8320235
-0.78006334
0.051782287
-0.76101513
1.0782847
-0.9009471
-0.96913015
-0.86820779
-0.74923309
2.1403212
-0.84088959
-0.83293657
-0.53430636
-0.83711654
2.7040624
0.74695025
0.98330054
-0.53790689
0.86625544
2.1582821
0.8061672
1.4225257
0.041961564
0.87480107
-0.98309867
-0.89604035
-0.18555819
-1.0393661
0.95978226
0.49738395
2.1456642
2.2504911
1.7049773
-1.3191651
-0.86707292
-1.1219971
1.9487363
1.1810885
-0.17338501
0.59491904
0.088715866
-0.62430555
-0.48922791
-1.0837909
1.9422746
-1.4733626
-0.75219082
0.69851621
0.051291981
0.35163724
-1.3717789
-0.83426699
1.2091905
-1.1407312
-0.061138254
-0.70799579
0.42872531
-0.85244009
-0.90014918
-1.0218253
0.39566907
-1.0162077
-0.86707292
-0.86707292
0.40060311
-0.0033667502
0.038556849
0.059539083
0.80648288
-1.3484424
1.1134879
0.34811772
2.0877305
1.3600915
1.8343864
-0.40394208
-0.43194992
-0.92243526
-1.0016296
0.98330054
-0.77307839
1.4777169
-0.9065706
-0.26053781
0.9838885
-1.2354281
-1.3646049
-1.2438543
0.42691536
