-1|20161102115345|360|2041|大家还有什么消息都来说说
-1|20161102115345|360|2042|????最后号召一下，我跟4s店说好了，如果以团购的形势可以不用加价，新疆的朋友如有意愿快快在帖子里联系我，大家团购还便宜
-1|20161102115345|361|2043|一直觉得车内后某处时不时有异响，特别是颠簸路面振动时很明显，今天索性停车找了找，发现并不是车内放置物品产生的，而是后天窗与后隔顶处发出来的，而且是个很松的立扣子（嫌疑最大），请问大家是否细心也发现这样的问题，有没有办法解决
-1|20161102115345|361|2044|求解答
-1|20161102115345|362|2045|开始选车是在去年准备学车之前，那时最喜欢的车车就是三菱翼神，勿喷，整天在泡在翼神的论坛，偷偷的学习经验
-1|20161102115345|362|2046|在驾照最后一考时才恍然大悟，咱是没米之人，翼神突然离我好遥远，那乞丐版办下来也要12万，没米
-1|20161102115345|362|2047|换目标，汽车之家坛子，成了我天天必泡的，目标转到V3菱悦，感觉车不错，怎么又想说那句话了，（就他了，不换了），然后在菱悦坛子里看他们改装贴，说实话V3改出来真的很漂亮，改天给大家上传一个.V3相中了4G91，真的，我想买这车的人都是看中了它的心脏，感觉这车改来该去也没菱帅好看，超稀饭菱帅的大灯，个人喜好
-1|20161102115345|362|2048|V3看着看着毛病越来越多，最蛋疼就是还有手刹问题，主要问题是某天我看见了一辆V3在街上做黑车，可气的是还是我喜欢的白色，不想买车了后让别人当街招手，最后总结了，死要面子
-1|20161102115345|362|2049|在V3论坛转，突然有天看见一纠结贴，莲花L3进入我视线，说起L3来，心痛啊，定金都给那4S交了，可恶的死S，还是把来的新车卖给了别人，是在陕西定的，那边便宜，心伤了
-1|20161102115345|362|2050|然后就去转4S，看到长城有C30，全鹰有GC7.当时就纠结这2款车了，为什么买了C30，没买GC7呢，大家猜猜吧，年前我买的C30
-1|20161102115345|362|2051|废话不多说了，感觉也说了不少，，勿喷
-1|20161102115345|362|2052|接下来见证奇迹的时刻
-1|20161102115345|362|2053|先来张办证时的好像没转角度哎，大家辛苦下接着来这是什么，
-1|20161102115345|362|2054|屁股，决定缓解下大家的颈椎老大露脸了，家老大说这车车看久了就很好看，搞不懂啥意思，继续来，细心的童鞋应该能看出偶哪里的了吧，秘密
-1|20161102115345|362|2055|车牌不档了，这是来到上海，长途没照相，遗憾，偶是从山东到西安，全程869公里，然后从西安到上海全程1400公里，累的俺是死去活来啊，上面这张整容手术等待中
-1|20161102115345|362|2056|看侧裙，鸡冻的时刻到了，准备变形，顺便鄙视下卖着包围的商家，好家伙，我再上海奉贤他老人家给我发到上海闸北区，提货费50.油钱
-1|20161102115345|362|2058|咱也来个国际惯例，只不过是有个性的，偶从后面来，个人喜好，嘿嘿迷人的前包，能看出来不，偶的包围不是一套的，前包是一家的，就感觉着前包酷，他们说这前包不喷白色应该更好，TX门给个建议呗
-1|20161102115345|362|2059|传说中的后保，装起来感觉还是这材质的好
-1|20161102115345|362|2060|继续上图侧裙上身了，哈哈，发现了个问题，那网网是铁丝缠住的，感觉要掉，中国特色，还是老板有经验，买阿波胶，大家知道啥是阿波胶不，笨啊，就是AB胶啊，老板带着小伙计在施工，咦怎么没人露脸呢，事实验证还是老板老道，只可怜我的口袋，阿波胶就买了7盒，米啊，都是俺的血汗啊后保上身了，也是边缝隙用阿波胶打住的等待中，汽车之家发图片实在是唉
-1|20161102115345|363|2062|为什么非要3类认证啊，不懂啊，版主啊，指教啊
-1|20161102115345|364|2063|智跑2012款2.0GLAT两驱版?报价17.88??我想知道提车多少钱，有多少优惠，谢谢
-1|20161102115345|364|2064|?山东
-1|20161102115345|365|2065|今天智跑去保养，问我要不要发动机清洗
-1|20161102115345|365|2066|因为我已经开了17000+了，她说可以清洗下发动机，250，不收工时费（说什么规定了的）
-1|20161102115345|365|2067|请问，跑跑有必要做发动机清洗吗
-1|20161102115345|365|2068|?顺便问问大家保养的时候都是用什么机油比较适合呢
-1|20161102115345|366|2070|今天到店里检查，把轮胎，刹车盘都卸下来了，也没发现问题，还是响，后来修理工试着在刹车片上加了块垫片（形状和刹车片一样），就不再响了，于是就装上了
-1|20161102115345|366|2071|但行驶中发现好象声音还是有，不过轻微了许多....大家说说会是怎么个情况
-1|20161102115345|367|2072|本月16日在杭州万国下定红外黑内低配
-1|20161102115345|367|2073|在此先赞一下杭州万国销售小沈为我们所做的一切，谢谢了
-1|20161102115345|367|2074|愿小沈处理好家庭事务，家和万事兴
-1|20161102115345|368|2075|?不废话了，感觉是个好去处，佛山区内论坛的朋友，可以出游
-1|20161102115345|368|2076|下面是照片，看了会很心动的
-1|20161102115345|368|2077|门票70元，赠送170元的游玩金钱
-1|20161102115345|368|2078|都是在卡里，去哪里都能玩，除部分收费项目
-1|20161102115345|368|2079|感觉还不错
-1|20161102115345|368|2080|一直玩到下午的6点，虽然设施没有长隆那么多，那么新，但是周末出出游，是个不错的选择，尤其是有家庭的
-1|20161102115345|368|2081|中午吃饭5人，加一小孩一共一百六十一元
-1|20161102115345|368|2082|这里只是部分图片，还有部分在朋友的相机中
-1|20161102115345|368|2083|??
-1|20161102115345|369|2084|@杭州交通918:【交通91.8持续关注】最新消息：在秋涛路姚江路车辆爆炸事故当中，受伤的男子姓余，81年出生，目前身上多处烧伤，受伤严重
-1|20161102115345|369|2085|女子姓杨，86年出生，伤势较轻，目前正在医院进行抢救
-1|20161102115345|369|2086|爆炸车型是现代ix35
-1|20161102115345|369|2087|交通91.8空中110记者雷子正在关注
-1|20161102115345|371|2089|求告知
-1|20161102115345|372|2090|大家提车都给了哪些赠品和装饰
-1|20161102115345|373|2091|锐界离地间隙是多大，知道的同学来说说
-1|20161102115345|374|2092|砍了半天，113000自豪全包吗!这个价格怎么样
-1|20161102115345|374|2093|我觉得贵了点，108000左右立即下手
-1|20161102115345|375|2094|我的显示420KM
-1|20161102115345|376|2095|之前也发过很多关于选车的贴，也筛选出好几款车，例如：家用为主的车：蒙迪欧2011款2.0GTDi240豪华运动型2012款迈腾1.8TSI豪华型2011款索八2.0自动顶级版K52012款2.4LDLXAT2011款帕萨特1.8TSIDSG御尊版这几款都在我的预算之中，但是现在对大众的7速DSG有点失望，越来越纠结
-1|20161102115345|376|2096|最好控制在23W左右可以上路的实用车，毕竟是人生的第一辆车，不想买的会后悔，最近又看上锐志新出的炫耀版，又不想买小日本的车，郁闷呀同志们，好想在五一的时候就能把车给定下来，现在是日想夜想天天想，我发现我自己在这事情上变的好没主见了，你们买第一辆车的时候有这么纠结过吗
-1|20161102115345|376|2097|帮我好好选一辆，拜托各位了，
-1|20161102115345|377|2098|去年7月考的驾证，9月28提的车马上半年了，对车本身暂时不发表看法，好坏本就没有明确界限，只要适合自己应该都是好的
-1|20161102115345|377|2099|在论坛混迹好几个月，学习了不少东西
-1|20161102115345|377|2100|但还有很多需要和大家交流，弄得不好各位将就看，谢谢
-1|20161102115345|377|2101|先来张全景的大鹏展翅!原本是定黑色的，没货，为了赶在国庆出去玩所以只好这个颜色将就了.可能是习惯了，小光的PP也不是太难看
-1|20161102115345|377|2102|侧面挺好
-1|20161102115345|377|2103|烟筒小装饰了下要耐看点左边车贴，新手手艺差，希望壁虎能带来好运
-1|20161102115345|377|2104|右边车贴，但愿后面的看到能离我远点
-1|20161102115345|377|2105|我上坡真会倒退哈里程，半年只能跑这么些了油耗，我最低的时候是5.5，哎现在怎么越来越多了呢
-1|20161102115345|377|2106|新手加路盲，所有这个显得有必要了小装饰这个垫子个人觉得还行迎宾踏板，郁闷的是忘了买上门槛的，在等货来呢
-1|20161102115345|377|2107|接下来几张是表弟大喜日子去帮忙的照片，这个角度也很大气
-1|20161102115345|377|2108|将就看吧新娘子也来充当下车模吧祝福两位新人百年好合到家啦，乡下空气就是好啊最后也惯例下，没买到钥匙套就先挂着哎
-1|20161102115345|378|2109|当我犯贱不解释，免得一些二逼人生攻击，攻击就算了还咬一个区的人
-1|20161102115345|378|2110|(明显是冷笑话非要有人弄个地方攻击什么的，那嘴真
-1|20161102115345|378|2111|不好说，也不想和那些人争吵什么了
-1|20161102115345|378|2112|)
-1|20161102115345|379|2113|茅台少喝点，省点钱，把油价降下来
-1|20161102115345|380|2114|金刚外观霸气，配置较全，空间大，旗云2动力不错，价格便宜，不知这两款哪一款性价比更高一些
-1|20161102115345|381|2115|首先感谢同志们这么热情的顶帖，可惜的是因为昨天小舅子出去旅游把相机带走了，所以今天用的手机拍照，没有兑现昨天说的高清，无码倒是真的，因为销售人员非常之能侃，光顾跟他聊天了，图片也非海量先上金色的，说实话，第一眼看到GX7实车，心里真的有小小鸡冻后视镜真的很大很亮继续硕大的后视镜，视线绝对加装的踏板，感觉一般行李架也是加装的，据销售介绍低配的出厂也不带行李架饱满的屁屁个人感觉这个角度最漂亮厚实的车头大灯很有神
-1|20161102115345|382|2116|昨天去4S订车了，1.5自舒适版全包价格另送防盗器和倒车雷达99000块，下星期提车
-1|20161102115345|382|2117|本想交作业的，但实在没时间
-1|20161102115345|382|2118|不好意思了
-1|20161102115345|383|2119|?http://v.youku.com/v_show/id_XMzY1OTA5MjUy.html
-1|20161102115345|384|2120|河报报讯昨日下午，一辆凯美瑞轿车与一辆面包车在经北二路与第三大街交叉口发生碰撞
-1|20161102115345|384|2121|凯美瑞轿车受损严重，发生自燃；面包车被撞翻，车内3人被困，幸好众人紧急砸开玻璃，将3人救出
-1|20161102115345|384|2122|昨日下午2时45分，市民焦先生报料，一辆凯美瑞轿车与一辆面包车相撞
-1|20161102115345|384|2123|接线索后，记者赶到事发现场
-1|20161102115345|384|2124|此时，轿车上的火已被扑灭，记者注意到，出事轿车受损严重，被撞得几近报废，车内也烧得一片狼藉；而豫A牌照的面包车，侧翻在路口的西南角，前挡风玻璃已经破碎，一侧车门变形
-1|20161102115345|384|2125|“当时面包车准备拐弯，轿车自东向西行驶
-1|20161102115345|384|2126|由于路口无红绿灯，轿车直接撞上了面包车的右侧车门
-1|20161102115345|384|2127|见侧翻的面包车内有3人被困，附近众人赶紧帮忙，砸碎面包车前挡风玻璃，将3人救出
-1|20161102115345|384|2128|”
-1|20161102115345|385|2129|2.0P和2.4P除了发动机、座椅通风、氛围灯、感应雨刷之外还有哪些区别
-1|20161102115345|385|2130|2.0P副驾驶是电动调节吗
-1|20161102115345|385|2131|带不带蓝牙，大神解答下，3Q啦
-1|20161102115345|386|2132|走错地方了
-1|20161102115345|387|2133|智者乐山-智跑者乐水欢迎加入乐山智跑QQ群——221928834
-1|20161102115345|388|2134|问下K5还需要铺地胶么，还有问下纽曼的DVD导航装上可以么
-1|20161102115345|389|2135|根据近期大家发的帖子，2012版应该有部分是中文界面，但是我刚买的2012尊锐版全英文界面，不知道哪位大侠能帮忙指点一下，谢谢~
-1|20161102115345|390|2136|看之前的作业说要破线，很难实现，难道技术增长了
-1|20161102115345|390|2137|不过要一千好几啊
-1|20161102115345|391|2139|多多指教啊，而且价格不高哦，在一档或二档低速时，轻带刹车，偶尔会有咕咕异响
-1|20161102115345|392|2140|不知道这个价入手合适不
-1|20161102115345|392|2141|说什么运动版优惠1w，不知道是什么样子的，还没去看过，准备明天去看看
-1|20161102115345|392|2142|运动版是撒么个情况哦?
-1|20161102115345|393|2143|求18时尚或20领先的内饰图，内饰有黑色的吗本人不追求高配置，只要实惠就行了，手机导航用用也OK
-1|20161102115345|394|2144|求各位前辈说一下你们提车等了多久我们这里销售让我等1个半月
-1|20161102115345|394|2145|说是蓝色的车需要厂子里造
-1|20161102115345|394|2146|造一辆车需要多长时间啊
-1|20161102115345|395|2147|去年.父亲病重住院期间.我和父亲一起去看C30.我说爸等明年你身体好了.咱们就换这车.我爸点点说.多少钱呐.你相中就行吧...我的第一辆车.夏利和我姑娘...现在父亲走了...可父亲的话永远在我的心中......这就是我和父亲相中的腾翼C30...C30底盘高度还是可以的...父亲留下的平安福...这个角度不错吧...漂亮吧...看看...平安福.是父亲留给我的......父亲永远陪在我的身边......
-1|20161102115345|396|2148|请问大家在开车途中有没有遇到酒鬼
-1|20161102115345|396|2149|今天下班路上碰到一个在路中央晃悠，果断减速躲避，那酒鬼还想踢打小三
-1|20161102115345|397|2150|大家好不知道小三的暖风怎么样，东北地区冬天冻脚不啊
-1|20161102115345|397|2151|打算年底入手
-1|20161102115345|398|2152|"上个星期周末，闲来无事，骑上我的摩托去郊外玩越野，屁颠屁颠的在烂泥里玩的快活很，好久没有这么放松过自己了，我跑呀跑呀跑，就看车轮胎卷起的烂泥疯狂的飞舞着，心情那个好呀
-1|20161102115345|398|2153|正爽的时候，车子不动了，油门加到底也没反应，车子越陷越深，陷阱无处不在啊
-1|20161102115345|398|2154|没法，只能打电话求救了
-1|20161102115345|398|2155|谁知道事情越搞越砸，本来是解救我的小摩托的，最后演变成机械比拼大战
-1|20161102115345|398|2156|?兄弟,我来了...兄弟,我来了...兄弟,我来了...图片已删除?接到电话的兄弟终于赶来了
-1|20161102115345|398|2157|让哥来,有事哥担着!!!看看哥潇洒的步伐,多帅
-1|20161102115345|398|2158|图片已删除?啊..诶...哎哟...?兄弟也被困了.Oh!!!NO!!!!!!图片已删除?哎,这下丢大了...兄弟也杯具了图片已删除?没辙，继续打电话，叫来了朋友的小蓝来帮忙了
-1|20161102115345|398|2159|不能让他看白了咱啊哎，?就看你的了啊，小蓝?图片已删除?Ohshit，小蓝失足了，面子得撑上啊，实在没辙，继续打电话叫来了小白吧，这家伙他有劲儿着呢
-1|20161102115345|398|2160|小白我就不信了,我要挣扎
-1|20161102115345|398|2161|我要奋起!!!!!图片已删除?我日哦
-1|20161102115345|398|2162|4×4的小白也挂了，兄弟们丢人丢大发了，泪奔
-1|20161102115345|398|2163|图片已删除?小白不认命，继续挣扎中
-1|20161102115345|398|2164|无奈被泥土强暴了
-1|20161102115345|398|2165|出不来了,奶奶的,被这万恶的软泥强暴了!!!!图片已删除?罢了罢了
-1|20161102115345|398|2166|大家歇会吧，兄弟们还是先把小东西弄出来再救大东西吧我们人类的力量是不能忽视地，还是把它给救起来了
-1|20161102115345|398|2167|图片已删除?再把我兄弟的这只也弄起来吧，好了，那就赶紧救那两只大家伙
-1|20161102115345|398|2168|图片已删除?兄弟的心爱摩托，此时他内牛满面
-1|20161102115345|398|2169|哭啊图片已删除?大家又叫来救兵,这大东西挺沉的，起码有个1?2t啊，紧接着兄弟叫来了小绿，就指望它了
-1|20161102115345|398|2170|小绿隆重登场
-1|20161102115345|398|2171|几声咆哮过后
-1|20161102115345|398|2172|啊啊啊啊
-1|20161102115345|398|2173|不要不要啊
-1|20161102115345|398|2174|也趴下了!!!!!图片已删除?哎，兄弟急了
-1|20161102115345|398|2175|孩子，别呀，你是拉不动地，别哭了
-1|20161102115345|398|2176|图片已删除?小白说：兄弟，你也被泥土强暴了啊
-1|20161102115345|398|2177|哎图片已删除??小绿说：小蓝小白都闪开
-1|20161102115345|398|2178|看哥的
-1|20161102115345|398|2179|结果哥的自信也是落了一地
-1|20161102115345|398|2180|众人绝望了?小蓝：兄弟们，咱啥也不说了，这就是缘分啊
-1|20161102115345|398|2181|图片已删除?就在众人都绝望的时刻,突然听到了一首相当熟悉的小曲儿....嘿,救星啊...小推哼着小曲:""请你不要迷恋哥,哥只是一个传说....""?潇洒地路过...-人们大喊,,?兄弟啊,救救我们吧....我们...图片已删除?各位观众看好拉,让哥来，哥的力量大大滴
-1|20161102115345|398|2182|哎哟，咋回事这是
-1|20161102115345|398|2183|哥咋个也不动了呢
-1|20161102115345|398|2184|图片已删除?哎，世事难料，哥行走江湖多年，终究也还是失足了
-1|20161102115345|398|2185|图片已删除?我脸面何存
-1|20161102115345|398|2186|让我今后如何立足江湖呀图片已删除???就在我们绝望地时刻，突然看到了一条巨大的神奇臂膀，哇塞，好家伙，我笑了
-1|20161102115345|398|2187|图片已删除?咦
-1|20161102115345|398|2188|快看
-1|20161102115345|398|2189|救星来了
-1|20161102115345|398|2190|诶
-1|20161102115345|398|2191|救星啊唱曲儿的传说哥：兄弟，兄弟，等我把你挖出来，嘿嘿图片已删除?小蓝：?哇，果然是江湖老大
-1|20161102115345|398|2192|气势确实不一般
-1|20161102115345|398|2193|当家地：
-1|20161102115345|398|2194|你真傻，这种地方也来
-1|20161102115345|398|2195|杯具
-1|20161102115345|398|2196|看好哥是履带
-1|20161102115345|398|2197|履带
-1|20161102115345|398|2198|?履带懂吗
-1|20161102115345|398|2199|(为了被救，大家只好忍了
-1|20161102115345|398|2200|)图片已删除?闪开，让哥来，哥要发功了
-1|20161102115345|398|2201|一群没用的家伙，哥今天让大家开开眼图片已删除?哥先热热身
-1|20161102115345|398|2202|活动活动筋骨先
-1|20161102115345|398|2203|转个几圈，摆个POOS先
-1|20161102115345|398|2204|有这种小弟真丢脸
-1|20161102115345|398|2205|哎没法啊
-1|20161102115345|398|2206|谁叫我是当家地呢图片已删除?突然间
-1|20161102115345|398|2207|---------------------很突然..----------------我就不信还邪了这(挣扎ing)
-1|20161102115345|398|2208|原来江湖老大就这么让兄弟们开眼的啊
-1|20161102115345|398|2209|图片已删除??丫的，就这点小土想困住我
-1|20161102115345|398|2210|看来老虎不发威还当我病猫了，功力增强
-1|20161102115345|398|2211|奋起挖土中!图片已删除?哎
-1|20161102115345|398|2212|被围观了
-1|20161102115345|398|2213|舞林大会人多，可不能丢人了啊，只好使出我看家本领了图片已删除???哎
-1|20161102115345|398|2214|各大门派的人看来是不能指望这江湖老大了
-1|20161102115345|398|2215|只得另求救兵
-1|20161102115345|398|2216|这时候二蓝来了，嗡嗡地油门，让我们在这田野上再次看到了希望图片已删除?二蓝看上了小绿，先把小绿弄走吧
-1|20161102115345|398|2217|搁这也碍事
-1|20161102115345|398|2218|好歹是四驱呀，还丰田呢,屁!!你真丢人图片已删除?二蓝：好了没，哥开始发功了哟
-1|20161102115345|398|2219|小心你的屁股别被拽疼了哈图片已删除?小绿说：蓝哥，你拽吧，俺的屁股被拽过很多回了，没有第一次疼了
-1|20161102115345|398|2220|二蓝无语中
-1|20161102115345|398|2221|图片已删除?使劲儿啊，二蓝你肾亏啊，拽了半天咋没动静呢
-1|20161102115345|398|2222|发功啊你，快点二蓝
-1|20161102115345|398|2223|(纹丝不动)...图片已删除?刹那间，哥的脸湿了
-1|20161102115345|398|2224|哎，二蓝也白吃了那么多油啊
-1|20161102115345|398|2225|好像是那个当家的又找来帮手了
-1|20161102115345|398|2226|快看是他大当家的，吖
-1|20161102115345|398|2227|?不会又
-1|20161102115345|398|2228|不再抱有希望图片已删除?终于，大当家就是大当家，有实力才能坐稳那吧交椅啊
-1|20161102115345|398|2229|两个老大打起来了，都在拼命的表现自己图片已删除?几个回合下来，把这个半坛水的二当家打的快招架不住了
-1|20161102115345|398|2230|图片已删除?最终，胜利咯看看这战场，当今世上无人能比啊图片已删除?老大，嘿，老大
-1|20161102115345|398|2231|还有我呢
-1|20161102115345|398|2232|救救我啊
-1|20161102115345|398|2233|图片已删除?围观的群众，很淡定地看这这一切，本来是解救摩托的，结果弄的场面这么大
-1|20161102115345|398|2234|图片已删除???哇哇哇
-1|20161102115345|398|2235|干娘带来了干粮
-1|20161102115345|398|2236|啊7?就大家伙了来
-1|20161102115345|398|2237|?吞啊?使劲吞.随后
-1|20161102115345|398|2238|干娘呼唤了霸气的4驱的Jeep
-1|20161102115345|398|2239|看那扬尘四起
-1|20161102115345|398|2240|多么霸气图片已删除?看看这霸气的jeep，四驱的脚跑起来尘土飞扬图片已删除?这时候天快黑了，大家十分着急，还是启动那强势逼人的四驱来带领大家走出困境吧
-1|20161102115345|398|2241|真么没劲儿啊，众人疑惑中，以为jeep逗我们玩呢，上前一看，灯都亮了还，(一检查，汗
-1|20161102115345|398|2243|前轮不转)
-1|20161102115345|398|2244|杯具啊，这都什么事啊图片已删除?罢鸟罢鸟...先补充点维生素S?B?C?D?E?F?G吧...?只能野外xx了....图片已删除?Jeep喊道:?大家都洗洗睡吧...?明天再说?嚎....图片已删除"
-1|20161102115345|399|2245|最近忙的不可开交，LP说她爸妈也想外孙女儿了，便提出把她们接到上海来住一段时间，征求我的意见
-1|20161102115345|399|2246|我是比较愿意的，因为我岳母炒菜的手艺实在高，又有口福吃到标准湘菜了
-1|20161102115345|399|2247|好不容易熬到周末有个好天气，为了感谢二老，打算趁着放假带着全家去郊区玩玩，让二老尽享天伦之乐
-1|20161102115345|399|2248|这次可做足了准备（第一次很失败，不提了）：周五借了一哥们家的途安，提前告诉他了打算全家出去郊游，可能装得东西挺多，郊区的路况也不会太好，让他别太心疼
-1|20161102115345|399|2249|哥们就是哥们，两个字爽快，当即跟我把车换了
-1|20161102115345|399|2250|周五加满油，晚上一切检查OK，就开始准备第二天的东西
-1|20161102115345|399|2251|最多的是零食，还有毛毯，水壶，急救盒，饮料，烧烤架，各种吃的喝的用的，杂七杂八的东西
-1|20161102115345|399|2252|全部放妥，相比上次东西多的没地方装，途安的空间绝对牛X
-1|20161102115345|399|2253|第二天早上出发
-1|20161102115345|399|2254|除了桑塔纳外，我没开过大众的其他车，就起步，对比我的小科，途安确实有点肉，不过操控还不错了，过弯的时候挺流畅，侧倾并不明显，如果是因为车里几乎满载，重心稳的话，那大众口中的“黄金动力”TSI确实挺给力，过了起步阶段，这一路踩油门的反馈都很明显，我们一路都跟着前面的老思域，他加速我也加速，不知道他注意没
-1|20161102115345|399|2255|感受说完，上烧烤图这次还是带了很多肉但是烧烤技术有很大长进，基本上很少烤糊了
-1|20161102115345|399|2256|开回来，个人觉得出去玩途安还是相当靠谱的，LP也觉得好
-1|20161102115345|399|2257|看来和同事换车是正确滴（以后换车可以考虑换途安了）
-1|20161102115345|400|2258|想买X1的给你们提个建议,如果家里有直系亲属或者亲亲好朋友近期回国的,可以研究一下免税车政策我就在研究,尤其现在X1整车进口零部件比较多,大概百分之50?60,能省下很多的费用,另外车船税也全免估计能省下5万左右(低配),但必须是值得信赖的人,因为你要用他的回国证明,车子所属也要写他,只是建议想更多了解直接去百度搜?留学生免税车就成了
-1|20161102115345|401|2259|今天2440公里，趁老板不在，跑去做了个首保
-1|20161102115345|401|2260|原来首保无非就是换个机油，换个机油滤，加了点防冻液，拧了拧螺丝
-1|20161102115345|401|2261|4S建议我换机油，坚决不换，用原厂
-1|20161102115345|401|2262|4S说用原厂机油不太好，是矿物的，跟我说到5000公里再来换机油
-1|20161102115345|401|2263|4S建议我清洗发动机内舱，220大洋，我犹豫了下，查了下度娘，坚决没做
-1|20161102115345|401|2264|于是40分钟搞定，出来了
-1|20161102115345|401|2265|4S很郁闷……二保写的是7500公里
-1|20161102115345|401|2266|1.4S用的原厂机油，不知道是真是假，说是矿物的
-1|20161102115345|401|2267|要我用嘉实多和壳牌，没睬他
-1|20161102115345|401|2268|机油上写的是“APISLSAE5W-20”?2.原厂的机油滤?3.将近2500公里，基本上都在市区，油逆光看是褐色的，还成
-1|20161102115345|401|2269|4.原来机滤就是图里面那个蓝色的小瓶，换了一个
-1|20161102115345|401|2270|?
-1|20161102115345|403|2271|尽人事听天命
-1|20161102115345|404|2272|??最近总是有说油价上涨的说?大家也就是痛快一下嘴儿?车该开的也没省下?只是那些双燃料的羡煞旁人??我?本人也是一个双燃料的忠实粉丝?尤其是新疆那嘎达的太让我羡慕嫉妒恨了???不知为了嘛事?我们这里就是不让私家车改气?在四爱死店里销售的气车就那么几款?你是爱要不要巨贵低配出租版??还要订车?我呸?还爱咋咋地????改气合法?改气有理?坚决打击那些不改气大排量的合法公务用车?私家车改气每车补助一万改气免费?改气后
-1|20161102115345|404|2273|?????醒醒醒醒???
-1|20161102115345|404|2274|???老婆你就不能晚点招呼我我就要把这个梦做完了
-1|20161102115345|404|2275|???????最近“”又疯了?总是看见抓私家车改气的?????我搬新疆去
-1|20161102115345|405|2276|???周末去了重庆，3千公里后第一次猛啦咯一下高速
-1|20161102115345|405|2277|总体感觉还不错，基本都保持在170-180左右，最高开到210左右，因为大车较多没及时照到，最后只能补照一张200公里左右的
-1|20161102115345|405|2278|成南高速车多时，超车都是马上换成S档
-1|20161102115345|405|2279|总体来说T6还是很给力，没有失望，超车变道都很稳
-1|20161102115345|405|2281|油耗跑完就12.3左右
-1|20161102115345|405|2282|还是非常满意的
-1|20161102115345|405|2283|?
-1|20161102115345|406|2284|今晚油涨价，大家加油呀
-1|20161102115345|406|2285|发改委MD
-1|20161102115345|407|2286|?难得江南天晴，把天窗来了个全开，等到停车的时候，好嘛，关到一半多点就退到全开，如此这般反复几次，没戏了
-1|20161102115345|407|2287|奔4s去，1年半的车子在保修期嘛，4s什么都得管
-1|20161102115345|407|2288|先是涂了半天的黄油，怎么试还是没戏，这回我开心了，那就索赔个新天窗吧
-1|20161102115345|407|2289|主管一脸紧张说，还是原配的好，我们再弄弄
-1|20161102115345|407|2290|接着用了清洁剂喷，吹枪头吹，卡槽里都吹了一遍，还真行了
-1|20161102115345|407|2291|好吧，这次就放过你们了
-1|20161102115345|408|2292|这照片发过，个人很喜欢，单独发一次我叫小黑??
-1|20161102115345|409|2293|今天去4s问了手动智雅带导航优惠1.4万后报价15.88万
-1|20161102115345|409|2294|另送贴膜脚垫
-1|20161102115345|409|2295|价格怎么样
-1|20161102115345|411|2296|纠结中……求意见……
-1|20161102115345|412|2297|请教前辈：06年2.0手动两腿途胜，为什么两个排气管只有一个喘气
-1|20161102115345|412|2298|这是个例还是共性
-1|20161102115345|412|2299|在线求解
-1|20161102115345|413|2300|我的远景1.5的，最近，用遥控锁门后再开打不开，必须用钥匙才可以，但也只能开驾驶员这个门，别的门打不开，也不是经常，有的时候一天好几次这样，有的时候好几天也没事，怪了，今天折腾了两小时也没找到原因，换了一个总成也不行，又换了一套闭锁器还不行，真服了这问题今天在4S查不出来，结果，今天一次也没有打开的时候，全部用钥匙开，郁闷了
-1|20161102115345|413|2301|有了解的吗
-1|20161102115345|413|2302|谢了
-1|20161102115345|414|2303|兑换的CD到了，小超版主，你的到了吗
-1|20161102115345|414|2304|血盆大口把前排座椅调整至最前，看起来后排有点宽敞用手机打个光拍出来模型的感觉................前挡风玻璃外面看内部中控台的曲线还是很有美感=END=
-1|20161102115345|415|2305|跑跑一公里要多少钱啊
-1|20161102115345|415|2306|这车小毛病是不是多啊
-1|20161102115345|416|2307|我03年的爱丽舍，因燃烧不好，今天电脑查出是‘浓度调节故障’
-1|20161102115345|416|2308|但修理工不知道该修那里，有请各位老大，我该换那个零件，零件具体在那个位置
-1|20161102115345|416|2309|请告诉我好吗，谢啦
-1|20161102115345|417|2310|我用U盘插进USB接口
-1|20161102115345|418|2312|今天上到一个南阳车网了解http://www.0377auto.com/news/20120315/265227.html到一些东西
-1|20161102115345|418|2313|还是让你们看了再说吧
-1|20161102115345|418|2314|知道没提车和已提车的都很心急
-1|20161102115345|418|2315|我装到是好急买车的人打电话问来
-1|20161102115345|418|2316|那边的MM说我要问过领导才能答复你是改什么款的皇冠哦
-1|20161102115345|418|2317|现在就在等电话回复
-1|20161102115345|418|2318|我说如果有的我第一时间订车
-1|20161102115345|418|2319|MM的态度就转变很大了
-1|20161102115345|419|2320|反正我是刚加满油回来的
-1|20161102115345|420|2322|现在烧气有时发动机符号亮，油转换气时发动机抖的厉害，4S店说这车就是这样，大家有同感吗?若真是这样厂家应召回啊
-1|20161102115345|420|2323|虽然4S店态度不错，可解决不了实际问题不行啊
-1|20161102115345|420|2324|我强烈要求厂家招回有问题车，还消费者一个公道
-1|20161102115345|421|2325|准备给车子上点蜡，不知道大家都用什么牌子的，是粗蜡还是希腊，是龟牌还是3M或者是其他品牌的啊，还有打蜡需要注意哪些细节啊，谢谢啦
-1|20161102115345|422|2326|??????（关于各位TX们提出的问题，下午1：30开始直播答疑??????????????????????????????????????QQ群：197634337，欢迎大家进群讨论）?丰城，江西一县级市，只是离南昌60公里而已，非常之近
-1|20161102115345|422|2327|在丰城可购吉利全系车型，这可是非常方便的事，保养也是在本地
-1|20161102115345|422|2328|近日丰城吉利汽车搞了一个车展，还请了车模前来助阵，场面挺大，尤其是GX7也来了，兄弟对这辆车挺关注，故去现场看了许久，图片拍了不少，只是技术不过关，不敢独享，请TX们拍砖
-1|20161102115345|422|2329|下面进行直播，先上几位美女车模热身先
-1|20161102115345|423|2330|这里有没有平安车险的车主
-1|20161102115345|423|2331|平安车险有什么车主卡，大家觉得有必要办理吗
-1|20161102115345|423|2332|车主卡办理200块
-1|20161102115345|423|2333|包含几个座位险
-1|20161102115345|423|2334|大家觉得划算吗
-1|20161102115345|425|2335|有车主朋友换过带触屏的DVD导航一体机吗??不是屏装黑洞的那种,我打算今年挑个时间换了CD机
-1|20161102115345|426|2336|GX7马上就要上市了，要说什么颜色更好看，见仁见智，不过本人倒是蛮中意红色，红色给人年轻向上的感觉，红色的SUV大气中透着热情，如赤兔烈驹，飞扬悸动，行走在大道上，斩获超高的回头率绝对不在话下
-1|20161102115345|426|2337|?
-1|20161102115345|427|2338|每天上下班30公里的距离?家里有洗车设备?不需要停车费?只需要油钱和保养费用?不需要全险?目前有存款?入手c30还需要借款10000元?像我这种情况能开的起吗?
-1|20161102115345|428|2339|上周末去萧山的经销商那边问了一下?目前给的价格是2W7?估计到3W应该没问题?我的目标是2012款?2.0LDLX版??有意者留下QQ也麻烦已经开上K5的各位大哥大姐能提供一下优惠情况以及要求赠送的一些东西?杭州地区
-1|20161102115345|428|2340|?谢谢
-1|20161102115345|429|2341|今天去4s索赔前面两个减震，给痛快的换了，说后面的两个要过几天才能换，还有就是我换的新减震拿出来时候上面好多土，主要是减震器的弹簧上，怀疑不是新的啊，明白的喷
-1|20161102115345|429|2342|换了两个减震之后效果还是不错的
-1|20161102115345|430|2343|1米9的身高??K5做的开么
-1|20161102115345|431|2344|前段时间去看国产宝马X1，心动啦，想上18I，大爷的宝马和大众一样黑啊，加3万
-1|20161102115345|431|2345|等一个月
-1|20161102115345|431|2346|你大爷的
-1|20161102115345|431|2347|想问一下论坛兄弟北京有不加价的吗
-1|20161102115345|431|2348|还有北京周边不加价也行
-1|20161102115345|432|2349|之前加93号汽油，行车电脑显示综合油耗10个半，今天加了97号后电脑显示综合油耗为9个半到10之间
-1|20161102115345|433|2350|关于小三塌屁股问题有谁知道换什么样的弹簧好什么规格或是什么尺寸的
-1|20161102115345|434|2351|各位大哥大姐们???????????????????????????????长城??腾翼?C30???这个车怎么样啊
-1|20161102115345|434|2352|谁知道说说啊?谢谢?
-1|20161102115345|435|2353|车上弄了好多生石灰粉末，洗完车发现车上玻璃上留下许多白色斑点，怎么也洗不掉，怎么办啊求高手帮帮忙吧
-1|20161102115345|436|2354|其实平均油耗不准确的?它是好像每次的里程数和用油量来计算出来的??1.你刚加完满箱油后平均油耗清零的情况下?怠速时油耗上升很快?因为它是每次邮箱里的里程数和用油量来计算出来平均油耗?随之平均油耗就显示很高2
-1|20161102115345|436|2355|同样你刚加完满箱油后同样平均油耗清零的情况下直接开高数?行驶个100~200公里后平均油耗显示是很低的、这时候在怠速时间再长也行车电脑的平均油耗上升很慢因为总里程和用油量
-1|20161102115345|436|2356|所以刚加完满箱油后直接跑高速后剩下的油在很拥堵的城市路口开也?行车电脑显示不会上升很块
-1|20161102115345|436|2357|如果你每次加油不超过邮箱的6L那行车电脑上的平均油耗不会清零?是继续算出来的
-1|20161102115345|436|2358|所以最正确的计算方法是你加多少钱油在除掉总里程?目前我加的是97油开车从来不考虑省油??高速开的也很少低速的还好?城市拥堵路多点???这种情况下加了4400块钱跑了6310公里行车电脑显示续航公里还有62公里算出来差不多0.69元/1km?但行车电脑上的平均油耗最高显示过14L/100KM?最低的是6.3L/100KM
-1|20161102115345|437|2359|求教，2011款k5是否附带原车iphone数据线，如有，是4是赠送的还是原车标配的
-1|20161102115345|437|2360|谢谢我买的2011款k5top版，没有这个东西
-1|20161102115345|438|2361|交订金一个星期了，?9选6都考一个月了，还没通知路考，你说急人不
-1|20161102115345|438|2362|手痒痒，心痒痒，每天看着大街上小三裸过，你说可急
-1|20161102115345|439|2363|距离上次保养6个多月跑了2804KM三保机油5W-30213机滤?39垫片?6给开了换空滤66元，被我回绝了发动机润滑清洗140，也被我回绝了工时费90总计348元单子交给保养的工人结果把发动机润滑清洗剂给我灌进去了于是就当赠送了?
-1|20161102115345|440|2364|车子还行优惠了一万多?送了个四件套别的没送什么高速回来的没怎么赶开车子提速出乎我的意料好快提的2.0.GLSAT
-1|20161102115345|441|2365|帝豪EC718的喇叭金刚能用么
-1|20161102115345|441|2366|如果能用我想买几个?我感觉朋友EC7的音响不错
-1|20161102115345|442|2367|pke-100智能钥匙离开车体时，车门不自动上锁,只是车门不锁，但是发动机是锁了的，用汽车钥匙手动锁死车门后，?pke-100智能钥匙却能打开车门和发动机
-1|20161102115345|443|2368|??我的阳光自豪从买的那天，前中网就有锈点，问销售，说出厂就这样，因当时就一台车，没的选择，只好提走了，到目前4个月，发现中网亮条上的锈迹越来越多，听4S的维修人员说，可以走索赔程序，各位大侠，有谁走过索赔程序，帮忙指点一下，谢谢
-1|20161102115345|444|2369|走不平的路面时咯噔咯噔的响·冷车声音重???4s确认后更换前减震?耗时近3小时?要把雨刷器什么的全部拆掉····更换后异响情况解决
-1|20161102115345|445|2370|师傅在擦除贴尾翼的玻璃胶，够认真地...那位黑色衣服的师傅心好人好每次都给我免费处理
-1|20161102115345|445|2371|打完蜡了，已经是傍晚时分，打蜡过程忘记拍了...去吃东西
-1|20161102115345|445|2372|?感觉没啥就像洗车一样，打蜡镀膜抛光锁定，一共400.?不像网上说的镀膜
-1|20161102115345|445|2373|?????????~~~~~~~~~~~~~~~~~~~~~~~~~~~~~~~~~~~~~~~~~~~~~~~~~~~~~~~~~~~~~~~~~~~~~~~~~~~~~~~~~~~~~~~~~~~~~~~~~~高速跑160时胎压报警，吓死我了以为要爆胎，慢慢减速，不敢急刹车...有高速路口马上下，检查轮胎去
-1|20161102115345|445|2374|师傅说胎压不正常，拆出来检查保险点，那就拆吧
-1|20161102115345|445|2375|~~?师傅那家伙，大货车用的
-1|20161102115345|445|2376|话说皇冠的轮胎还挺大的，米其林的师傅把轮胎整个泡水里，师傅说正常，没问题
-1|20161102115345|445|2377|呵呵，那就好~~~~~~~~~~~~~~~~~~~~~~~~~~~~~~~~~~~~~~~~~~~~分割线，查完轮胎继续路程，野炊那是瓦片，盖房子的
-1|20161102115345|445|2378|要把瓦片烧红
-1|20161102115345|445|2379|似乎有点红了
-1|20161102115345|445|2380|漫长的等待，不漫长的煎熬烈火，全由我一人包办
-1|20161102115345|445|2381|~插一小段打蜡后的效果前脸屁股总想把排气口改成烧边蓝
-1|20161102115345|445|2382|侧面好了，瓦烧好了番薯熟了
-1|20161102115345|445|2383|??可以放很多东西的哦鸡翅呀?全鸡啊，什么都可以
-1|20161102115345|445|2384|只是这次匆忙就去偷番薯了
-1|20161102115345|445|2385|似乎有点小脏，女生可能不敢吃!味道非常棒，没吃到的感觉不出来滴
-1|20161102115345|445|2386|吃也吃完啦，看看胎压警报吧
-1|20161102115345|445|2387|?我都不知道怎么解除，补胎师傅也茫然???????????????????????????田园间
-1|20161102115345|445|2388|~~~~~~~~~~~~~~~~~~~~~~~~~~~~~~~~~~~~~~~~~~~~~~~~~~看看牛逼的车吧，羡慕车牌
-1|20161102115345|445|2389|特牛逼?最后来张山上拍的夜间小城全景结束了
-1|20161102115345|445|2390|网速不行??
-1|20161102115345|446|2391|中国人爱我长城
-1|20161102115345|447|2392|请问C30加一个导航的话需要加多少钱
-1|20161102115345|447|2393|请问加装导航的话是不是也能顺便加倒车影像
-1|20161102115345|448|2394|我保险到期了，保了电话车险车损加第3者50万加不计免赔2667?交强险855车船税300一共加起来3822?车子是豪华CVT的?去年出过一次险不知道算不算贵
-1|20161102115345|448|2395|论坛里面其他人都比我便宜么?纠结啊?
-1|20161102115345|449|2396|神秘黑三，啥时能看到
-1|20161102115345|450|2397|放大天堂雨途iytjkhg
-1|20161102115345|451|2398|我是一个比较喜欢运动的人所以车里总是放一个旅行包里面装的衣服鞋还有洗澡用品之类的总是就是有个大包这样呢外面趴窗户看就能看到这个包，就很容易引来砸玻璃之祸，或者比如有的人在后备箱放个整理箱什么的，贼人也容易认为里面有好东西，所以我就在想奥德赛能否安装一个遮挡的帘子就像Q7或者卡宴后备箱那种可以伸缩的帘子可以把后备箱遮挡住别人就看不到里面装了些什么了，有没有这样的遮物帘是适用于奥德赛的啊
-1|20161102115345|452|2399|在国内这两年的盛行的汽车界山寨狂热中，ix35也开始有表兄弟了，那就是当年山寨过现代旧款桑塔菲的江淮
-1|20161102115345|452|2400|看看吧
-1|20161102115345|452|2402|恶心的山寨风潮
-1|20161102115345|452|2403|后尾灯是山寨q5的吧
-1|20161102115345|453|2404|想问问各位车主2012款E260大概能优惠多少
-1|20161102115345|453|2405|我不想被4S点给坑了
-1|20161102115345|454|2406|一直很喜欢跑跑，前天还去看了下，体验下来感觉还可以，我朋友也很喜欢，本打算优惠大点就下手2.4顶配了，但是今天在网上无意中看到了索蓝托，2.4豪华的和2.4顶配的跑跑几乎没区别，发动机一样，大索是进口的，但是比跑跑大，后排还可以调节，也有全景天窗，但是没我喜欢的棕色座椅，所以犹豫了，希望大家客观评价下两个车的优点缺点
-1|20161102115345|455|2407|还是按照惯例~~先说说，提车前的那些事吧:~~??2月下旬家里开始琢磨买个可以经常跑高速回老家拉东西也方便的SUV
-1|20161102115345|455|2408|??2月25日，礼拜六吧，看车开始：??先看的丰田普拉多，这车确实好，外形的那种越野气质我爸一眼就看上了，虽然内饰和中控简单了点，最后问了下排量，2.7L，还是有点大，（家里不想买个排量非常大的）??继续去隔壁奥迪看了下Q5，确实是个很有档次的SUV，48万的那个级别，要什么有什么了，2.0T排量也刚好不大，还是四驱
-1|20161102115345|455|2409|但当时一问销售顾问，她说“现在有情人节活动，可以原价提，不过要先订，得等最少一个月，我爸当时就有点考虑，（唉，从来我家有个习惯就是不想等，）??没办法，出了奥迪4S店看看表，已经4点多了，本想打道回府考虑定不定Q5的事，突然脑海中浮现出一个牌子：VOLVO,可能是当初看过《暮光之城》那个电影的缘故吧，哈哈，直接赶紧杀到VOLVO4S店，进了大厅，很巧，我爸对VOLVO所有车系的的外观都很满意，而且之前他也知道VOLVO这个牌子是干什么的，又经销售MM的介绍，他更对VOLVO这个品牌非常信任
-1|20161102115345|455|2410|看了XC90，也确实不错，但外形太大，二是排量也大，直接PASS
-1|20161102115345|455|2411|??又继续看了下XC60，嗯，不错，我和父亲都对XC60的外形设计非常满意，一问排量2.0T也刚好，3.0T太费，二驱也够用，再一问销售有没有现车，销售说：“有，现在就能提”，OK，回家就去考虑XC60和Q5，??经过两个礼拜的考虑、比较，和身边朋友的建议，最后种种原因决定了：XC60：一是信任VOLVO的安全，二是纯进口车，三是有现车
-1|20161102115345|455|2412|??在这里再说下为什么选RD版，因为家里人都觉得全米内饰不耐脏，而且我本人又是个喜欢低调的人
-1|20161102115345|455|2413|并且RD的镀铬装饰也很好看，很运动，最后才选定T5个性运动版
-1|20161102115345|455|2414|??废话不多说，先从3月9日下午提车那天开始：刚出车库的新车，新干净了，正面：侧面：饱满的屁股：又过了段时间洗了回车，无聊拍了张↓从家里窗户俯瞰下去的角度↓-------------------------------------------------------------------------------------------------3月12号上的牌，3月18日西安天气不错，去曲江转了下，顺便给新车照照相：从外观开始↓霸气前脸前进气大格栅特写↓R-Design版独有的镀铬外后视镜↓从头开始，到尾部慢慢扬起的腰线↓头部侧面↓脸的左半边↓左前大灯↓右半边特写↓从上往下看大灯↓眼珠子特写↓日间行车灯，很低调↓大标特写↓特写↓R-Design标志特写↓R-Design独有的镀铬装饰条，让我想起了眼镜蛇的毒牙↓继续R-Design下方进气格栅镀铬装饰条↓侧面↓?后方饱满的屁股↓爆满结实的臀部右后方↓R-Design版独有的侧裙（右边）↓从屁股往车头看去，尾灯流畅的线条+腰线的肌肉感↓强壮的腰线↓再来张前部腰线的肌肉特写↓左后方看去↓R-Design版侧裙（左边）↓臀部侧面，本人最喜欢的回旋镖尾灯↓屁股左后方型号标志↓分隔开的VOLVO字母↓臀部两边也有优雅的流线↓R-Design版的后下方镀铬护板（这么叫应该对吧）+双边排气↓R-Design版独有的镀铬尾喉↓后备箱↓来张电动尾门的小特写↓哈哈后备箱侧边，感觉地方还不小↓车顶的镀铬行李架↓鲨鱼鳍天线↓很好看↓天窗全打开时↓天窗全打开时，侧面看去↓右边倒车镜特写↓左边倒车镜↓轮毂，这是R-Design版运动五副轮毂，（朋友看了都说不好看，不运动）--我也感觉，总有那么些怪的感觉↓235/60R18?↓----------------------------------------------------------------------------------------------------------------------------------------------------------------------接下来该内饰了：上车
-1|20161102115345|455|2415|↓一上车时就拍了张：↓插入钥匙，呵呵自己临时找了个钥匙链
-1|20161102115345|455|2416|大家不要笑
-1|20161102115345|455|2417|↓整体黑色的内饰↓从后座角度来一张：↓全黑的风格我喜欢，侧方的效果，米+黑的搭配↓R-Design版独有的三幅运动方向盘↓处处都有R-Design↓特写：↓R-Design版独有的蓝色运动时速表和转速表↓顺便晒晒油耗：刚好从买车至今跑了502公里了，表盘上的显示平均油耗是14.6唉，不尽如人意
-1|20161102115345|455|2418|镀铬边，+拉丝金属面板的中控台↓液晶屏幕，↓太简洁的面板了
-1|20161102115345|455|2419|一眼就能看见全部，不用分神找按键了↓档把黑色的，这个也应该是R-Design版特有的吧~~哈哈↓R-Design镀铬运动踏板↓Ilike后视镜↓左前门门把手，造型非常有创意
-1|20161102115345|455|2420|也很流畅↓右边前门门把手↓倒钩的设计很NICE!后车门门把手，也是倒钩设计，很统一
-1|20161102115345|455|2421|前排座椅，米+黑的运动风格，R-Design版的标志
-1|20161102115345|455|2422|↓八方向调节，+3组座椅记忆↓很显档次的配置↓后排，也有米+黑的元素，但是少了，这个角度看左边车门，很有型↓双门开启
-1|20161102115345|455|2423|↓从前排向后看去↓小黑包还行，↓最后来些买车必送的东西，呵呵，最后来张自曝，给大家点惊喜哈哈↓??附上些夜间尾灯的效果吧：最爱的回旋镖↓最最后还是以VOLVO的大标结束
-1|20161102115345|455|2424|谢谢广大车友的支持，谢谢版主，看能赏个精不，哈哈唉，第一次写提车作业，才发现，原来写个完整的?还不算好点的提车作业真不容易啊
-1|20161102115345|455|2425|从回家晚上8点半就开始整这帖子，11点半才整完
-1|20161102115345|455|2426|车也跑了500多公里了，说说感受到的优点吧：1.加速方面没任何不满意的地方，涡轮增压带来的瞬间提速，在城市中超车加塞非常顺畅（哈哈，当然本人还是很守交规的，不是必要情况不加塞）2，音响也很棒，IPOD模式我很喜欢，基本一上车就习惯性的先插iphone,3，蓝牙电话很方便，第一次设置好，每次上车就自动连接，4，刹车很灵，稍微轻踩下我就感觉人往前扑，5，城市安全系统我还没实验过，也不想试，毕竟开车从来都是要自己专注观察，不能依靠科技，除非像广告中的那样突发情况那我也认了
-1|20161102115345|455|2427|6，安全带的报警系统非常棒，我现在渐渐习惯一上车就先系安全带
-1|20161102115345|455|2428|不系的话，呵呵你肯定会被折磨的想跳车
-1|20161102115345|455|2431|）3，好像4S店没有送后备箱固定行李的挂钩，4，没有自动大灯，总之，VOLVO的车从安全方面真的是很用心，处处设计最多的地方就是安全
-1|20161102115345|455|2432|这是我开了XC60之后最大的感触
-1|20161102115345|455|2433|感触就先这么多，以后有了再写
-1|20161102115345|455|2434|夜深了，明还早起上班，大家晚安~~
-1|20161102115345|456|2435|我是和江苏的，我们这个城市没有三菱专卖店，所以估计江苏买的都可以上牌吧，不知道江苏的最低什么价能够提车啊
-1|20161102115345|457|2436|乞丐版现在全国那里最低价，无论11.12.13款的··并且可以提裸车的呀···有知道的兄弟给个信··小弟我拜谢了··
-1|20161102115345|458|2437|选车篇：????选车真的是一件需要迅速决定的事情，给自己越长的挑选时间，在决定买车时就会产生越大的困惑
-1|20161102115345|458|2438|因为人无完人，所以车当然更是如此
-1|20161102115345|458|2439|一年，一个漫长的选车过程，让我明白了这个道理
-1|20161102115345|458|2440|在这一年的时间里，每天必然要在各大汽车网站及论坛中看各大品牌的新车信息和评测
-1|20161102115345|458|2441|说实话起初并没有把途安列入我的选车范围，因为当时只想一心买一辆越野车（因为单位的车，和经常用的车都是轿车），原因很简单既能满足日常需要又能满足假日出行的需要
-1|20161102115345|458|2442|其中去看过的车包括CRV、RAV4、途观、逍客、IX35以及奇骏，说实话奇骏确实很让我心动，无论是空间还是动力都很符合我的要求
-1|20161102115345|458|2443|一度要去订车了，但问题出现了，因为家里有老人（爷爷奶奶都已经九十多岁了）越野车的底盘又比较高上下车实在不方便，所以无奈的放弃了
-1|20161102115345|458|2444|又是一个漫长选车过程的开始，新车越来越多思想也变得越来越乱，到底买什么车好，成了我闲暇时最纠结的问题
-1|20161102115345|458|2445|在一段时间里突然好像想明白了什么似的，感觉买个性能小车也不错，最起码在目前拥堵的城市交通环境下可以自由的串行
-1|20161102115345|458|2446|所以很快把目光转向了三款性能小车，高6、英朗、骐达，三款涡轮增压性能小车
-1|20161102115345|458|2447|说实话骐达是我最满意的，原因很简单她的座椅非常的舒服
-1|20161102115345|458|2448|可无奈的事又发生了，车的内部空间是足够的打，但因为和轿车相仿（都比较低，老人上下车不方便），再加上不太满意悬挂系统（必须要独立悬挂）因而放弃
-1|20161102115345|458|2449|通过放弃了两大类车型（紧凑级车和紧凑级SUV）这时的我好像对自己的要求比较明确了，因为可选择的空间除了轿车就只有MPV了，否定的否定代表肯定，确定好范围开始确定车款
-1|20161102115345|458|2450|根据之前的学习，我对车子的要求是，底盘扎实、独立悬挂、操控性能好
-1|20161102115345|458|2452|最后将目标锁定在了途安、马自达5
-1|20161102115345|458|2453|首先说说途安，底盘扎实、独立悬挂、操控性能好、技术先进，最喜欢他的仪表盘，试驾了几次感觉很不错
-1|20161102115345|458|2454|途安给我的感觉，就像一个外表忠厚的闷骚男生
-1|20161102115345|458|2455|再说说马自达5，时尚的外形、修长的车身、7座、电动门而且是进口车，这些都很给力，不是她不够好，但出于革命家庭的传统教育影响还是放弃了（我说的，你懂的）
-1|20161102115345|458|2456|途安基本符合我的一切用车要求，所以途安成了我的最终选择
-1|20161102115345|458|2457|同时也送给那些和我之前一样，在学车是犹豫不定的朋友一句话
-1|20161102115345|458|2458|还是那句话人无完人，车更是一样，不可能尽善尽美，自己的需要才是真理
-1|20161102115345|458|2459|?订车提车篇：????为什么订车和提车写到一起，接下来我告诉大家
-1|20161102115345|458|2460|确定好买什么车，接下来就是确定颜色和配置了
-1|20161102115345|458|2461|我比较喜欢白色，可是家里人不是很喜欢，为了避免不必要的麻烦最终确定为智雅棕，配置方面想要我要手动挡高配
-1|20161102115345|458|2462|一切都计划好后，开始行动
-1|20161102115345|458|2463|做事的流程要符合中国国情，所以首先先找人谈价格
-1|20161102115345|458|2464|朋友给找的人，价格还不错（当然不能和北京或南方比，在我们当地算是不错的价格了），不过朋友找的4S店的姐们说高配没货需要定，而且周期不好确定，所以让我有空尽快来订车
-1|20161102115345|458|2465|3月12日早上正在外面办事，突然接到电话说到了两辆中配的车问我要不要
-1|20161102115345|458|2466|当时就和她定下，并和她说会尽快提车
-1|20161102115345|458|2467|11点多回到单位，怕夜长梦多，安排了一下下午的事就急匆匆的叫上同事和我一起去提车了
-1|20161102115345|458|2468|1点多一点到了4S店，找到了我们相熟的销售MM
-1|20161102115345|458|2469|寒暄了一下，便去挑车
-1|20161102115345|458|2470|挑车很仔细，按照论坛中高手们的指导，仔细查看了车漆、发动机、灯光、音响、车轮等等
-1|20161102115345|458|2471|剩下的事比较简单，刷卡开车走人（之中的细节就不一一阐述了）
-1|20161102115345|458|2472|?使用篇：????到今天位置车子已经开了一个星期了（确切的说是4天，贴完膜以后车在家放了几天），目前跑了不到四百公里
-1|20161102115345|458|2473|我来简单讲讲，安安的优缺点
-1|20161102115345|458|2474|?先说说优点：1、?操控非常的不错，指向准确，入弯的时候支撑比较给力
-1|20161102115345|458|2475|2、?提速比想象的要好很多，涡轮增压介入后感觉还不错
-1|20161102115345|458|2476|3、?坡道起步辅助系统很不错，很实用的功能，对于LD这样的新手很有帮助
-1|20161102115345|458|2477|4、?弯道辅助照明昨天是第一次发现，开到我家楼下的时候转弯雾灯自动亮了，很实用
-1|20161102115345|458|2478|5、?空间大尤其是后备箱那是相当的大，上下车非常方便（家里有老人你就知道了）一转身就直接坐到座椅上??了
-1|20161102115345|458|2479|6、?油耗表现还比较满意，今天早上上班的时候看行车电脑的显示5.9L/100KM，可是随着堵车油耗迅速上升，到单位的时候差不多8.5L，等第一箱油用完了仔细算算，不过感觉还是比较省的
-1|20161102115345|458|2480|7、?带空调出风口的手套箱，非常好的功能，我比较怕热，到了夏天可以冰饮料想想都很爽
-1|20161102115345|458|2481|8、?优点我发现的暂时这么多，有新发现再和大家一起分享
-1|20161102115345|458|2482|?再说说缺点：1、?车子起步的时候会发出像敲鼓一样的声音，咨询过4S维修的朋友，说所有1.4T都多少有类似这样的声音，属于正常
-1|20161102115345|458|2485|当然如果第二排座椅能够再往后一点的话，有没有前后调节就更完美了
-1|20161102115345|458|2486|4、?强烈建议上海大众把四个门扶手、门板及扶手箱的材料换成真皮，哪怕PU的都行呀，真弄不明白为什么座椅都真皮了，这么一点点也要省
-1|20161102115345|458|2488|5、?缺点就说到这吧，再发现什么问题再来汇报，呵呵
-1|20161102115345|458|2489|?拍照技术有限，凑活看吧
-1|20161102115345|458|2490|废话不说了上图：正面侧面喜欢这个角度自己加的小装饰亚光的暂时不准备换导航了，先凑活用吧带空调口的手套箱不厚道的门扶手迎宾踏板韩泰轮胎胎噪确实很大老婆从厦门回来给我带的吉祥物我也亮个相很感谢各位耐心的看完我写的帖子，说了很多废话也请大家见谅
-1|20161102115345|458|2491|最后祝所有的安友，合家安安，旅途安安
-1|20161102115345|458|2492|?
-1|20161102115345|459|2493|今天第一次上传试一下我的小三提车一周跑了427公里没要导航?挂件是以前车上的拿下来留个纪念以后继续更新今天试一下?不好意思第一次上传一会不会歪脖子了正面的性感的PP和SSSS的名字优美的侧面坐垫是小3留下的没舍得扔米奇包包是正室玩游戏换的小I的小手小I的韩泰脚我的全景今天才拿的临牌小I的心脏最后来张我家正室的口腔科
-1|20161102115345|460|2494|陈老师你好：昨天下雨我同时把左右两边的后视镜加热开关打开，20分钟后右边的自动关闭，左边的还开着
-1|20161102115345|460|2495|这是怎么回事
-1|20161102115345|461|2496|?石门翼家人打造庞大阵容婚车车队（56辆）更新结束求精
-1|20161102115345|461|2497|2012-2-21日晚，更新结束
-1|20161102115345|461|2498|图片太多，传了些
-1|20161102115345|461|2499|??2012-6-4日最新更新：http://v.youku.com/v_show/id_XNDA3NDAxMDEy.html?（跟以前的段品，其实查不多，增加了3分钟的视频拼接
-1|20161102115345|461|2500|详情看视频吧
-1|20161102115345|461|2501|）或优酷搜索：石门翼家人(石家庄腾翼C30)婚车队---------------------------------------------------------------------------------------------------2012.03.18，石门翼家人(石家庄C30)车友会中车友结婚，一支由56辆车组成的婚车车队，浩浩荡荡向新娘家进军
-1|20161102115345|461|2502|据统计：行驶路上去时54辆，回来时55辆，半路来位车友加入队伍
-1|20161102115345|461|2503|1辆是总指挥稻草人的，停院里了
-1|20161102115345|461|2504|?合计56??石门翼家人是非官方网友自发的组织，不隶属于任何厂商或者4s
-1|20161102115345|461|2505|我们热爱生活，热爱车，用积极的态度看待生活
-1|20161102115345|461|2506|群内大家互帮互助，如果你有加入的意愿，请先加群61610585，领标后再进入认证的主群
-1|20161102115345|461|2507|?(参加人员名单稍后公布
-1|20161102115345|461|2508|)?石家庄的车友们，主群有你而骄傲，我们的大家庭缺一不可哦
-1|20161102115345|461|2509|今年的目标，主群500人
-1|20161102115345|461|2510|大家共同努力
-1|20161102115345|461|2511|哦也
-1|20161102115345|461|2512|?石家庄腾翼C30官方接待QQ群：61610585（请现加接待，认证领取标志进入主群）
-1|20161102115345|462|2513|腾翼C30今年的价位比去年高了近5000元
-1|20161102115345|462|2514|说是新款比老款有很多改进
-1|20161102115345|462|2515|到底在哪里
-1|20161102115345|462|2516|谢谢（2012款腾翼C30是去年8月份上市）
-1|20161102115345|463|2517|11111
-1|20161102115345|465|2518|EX7论坛和GX7论坛合并了，555，哭，EX7木有了??????点击EX7论坛直接跳到GX7论坛合并了?吉利高层表示EX7也不会出了?第一款肯定是EX8了?感觉丑????????
-1|20161102115345|466|2519|?吉利家族首款SUV车型的预售价已经公布，先期将推3款车型，售价区间为9.28-10.28万元
-1|20161102115345|466|2520|??
-1|20161102115345|467|2521|GX7
-1|20161102115345|468|2522|很有幸今天试驾到12款2.0D版，这车的性价比还是不错的，时尚动感的外观极其漂亮，也许这车的卖点就在外观上
-1|20161102115345|468|2525|视野还算不错，中控及扶手箱那块设计的不错，很舒服
-1|20161102115345|468|2528|后排空间表现不错，空调给温速度快，遗憾的是这个D版没有后排出风口，后排设计的是两人位的，因而后排中间没有头枕，再说说CD的音质很差呀，不知道是不是没有调好的原因
-1|20161102115345|468|2529|油耗方面因为4S把线拔了看不到
-1|20161102115345|468|2530|我们这地方优惠的力度是15K，11款是30K，我想大部分地区应该都是这样
-1|20161102115345|468|2531|不想发表太多感言，因为我不是托，更不是黑就到这了，还是看图吧，图片是用手机照，不是很清楚，将就咯
-1|20161102115345|468|2532|CLS以上版本都是双排气的CLS以上版本都是这造型轮毂DLX-R18大脚NUCVVT换汤不换药看里程
-1|20161102115345|468|2533|我是本车第一位试驾者，这也是本4S唯一一台2012款的K5总感觉这红色的字给人有点带来刺眼而且不太美观的说全脚踏板很是舒服弱弱的问下点烟器被谁摸走了
-1|20161102115345|468|2534|眼镜盒很稳后排左后排空间很舒服，要是中间地板是平的该多好呀全景天窗看到这张图片可能会有很人看不懂，这里有一个小插曲，本来我跟4S店员是坐在前排的，因我提出开着空调和音乐我说我到后排去感受一下吧，谁知道4S店员也屁颠屁颠的跟着我下来坐后排了，过一会奇迹发生了，尼玛的出不去了，两人被锁车里了死活车门拉不开了，心想这么高档的车不会出现这低级的玩笑吧，我问怎么回事，尼玛的看半天不说话，最后说可能是儿童锁锁上了吧，要叫人在外面开，这不出洋相吗，我说你去看看前排的有没有锁，果真能开，上图就这狼狈的一幕
-1|20161102115345|468|2535|最后求解儿童锁什么情况下会锁上呀，以后万一那个领导坐在后排一下给锁里面了，这还以为要绑架他呢后左门主驾门---镭射灯也没得脚刹下面是2011款K5黑两厢KTWO也很漂亮的说
-1|20161102115345|468|2536|---------------------------------------------欣赏完毕，谢谢大家---------------------------------------------------
-1|20161102115345|469|2537|浅色脏的快，求个好方案
-1|20161102115345|469|2538|脚垫什么牌子好
-1|20161102115345|469|2539|坐垫怎么办
-1|20161102115345|469|2540|档把手套用什么
-1|20161102115345|469|2541|求链接，求价格
-1|20161102115345|470|2542|能上雨挡吗，收起来的时候会碍事吧
-1|20161102115345|471|2543|35精英版主驾玻璃可以一键升一键降吗
-1|20161102115345|471|2544|谢谢
-1|20161102115345|471|2545|在线等
-1|20161102115345|472|2546|在坛子里潜水很久，今天终于定车了
-1|20161102115345|472|2547|在百旺那边，古铜的T6舒适(了解了一下，这一段北京来T6的少，古铜的更少，古铜的T6舒适现车更是快绝迹了，我这辆古铜的T6舒适可能是这一阵北京最后一辆现车了)，本来今天想提车，但他们今天店庆忙不过来，只能明天提了
-1|20161102115345|472|2548|提车后再求认证上作业吧
-1|20161102115345|472|2549|在这里有个问题很纠结的想咨询一个北京的车友：这车加了前后护杠、侧裙之类的东东，以后验车能过吗
-1|20161102115345|472|2550|看好多车友搞了外装，我也想简单搞一搞，但又怕以后验车出问题(以前的车有过验车被迫折装修的经历)
-1|20161102115345|472|2551|今天问了一个ssss店，说外装后验车直接过不去，得找人，现在的行情了300大洋，那岂不太麻烦了
-1|20161102115345|472|2552|希望有外装后验过车的车友能说说具体是神马情况，先谢了
-1|20161102115345|473|2553|女领导夜归，突被两男架上车，一男威胁说：“老实点，劫色的
-1|20161102115345|473|2554|”女领导闻言笑骂道：“他爹的，这么愉快的事，搞得这么紧张，吓死了，我还以为被双规了
-1|20161102115345|473|2555|”
-1|20161102115345|474|2556|大家可以发布一下自己爱车的裸车成交价么
-1|20161102115345|474|2557|款式+配置+价格
-1|20161102115345|474|2558|?一哥们经我推荐，准备入手大老虎k5，本来他在8索和k5之间徘徊，经过我对人车合一合理搭配的深刻分析，选车毕净跟选衣服差不多吧，得选适合自己的，大家说对吧
-1|20161102115345|475|2560|大家知道怎么回事吗
-1|20161102115345|476|2561|我和几个朋友，准备组织一个团购队伍，想买GX7，1.8L
-1|20161102115345|476|2562|但是我们都对GX7是否配置BMBS和ESP技术，而不得而知
-1|20161102115345|476|2563|我们衷心希望厂家配置BMBS和ESP技术
-1|20161102115345|476|2564|:office:
-1|20161102115345|477|2565|?????今天开车到一环形转盘处，自己靠转盘内侧正常行驶，突然右侧一辆面包车迅速从我的后面强行变道超过我，斜插到我的前面，我当时来不及反应，自己车的右前部和面包车的左后部撞上了，当时有交警在场，我的车撞得严重，大约的2000元修好，他的有200元就能修好，交警建议我们私了（各修各的车），可我认为是面包车违章行驶，他应负主要责任，可他又不认，（从现场看，就是一起追尾事故，实际是面包车违章超车造成的）
-1|20161102115345|477|2566|最后，没办法我报了保险，认了全责，对方自己修车，但始终感觉自己没用错，大家帮忙给分析一下，以上这种情况，责任如何认定，自己该如何处理
-1|20161102115345|477|2567|（本人驾龄6个月，是第一次发生剐蹭事故，没有经验，可怜我的阳光了，新车啊
-1|20161102115345|477|2568|）
-1|20161102115345|478|2569|本人3月5日在广州定了国产宝马x118i豪华版白色，平价提车，送防爆膜，二次保养，现在广州提车据说什么都不送了，而且还要6月份提车，由于女朋友喜欢A4L白色的，只要转让订金出去
-1|20161102115345|478|2570|提车时间是4月初，如果想第一批拿到x1的华南地区的朋友可以联系我啊谢谢了?华南五省都可以来广州直接提车走，回去上牌，
-1|20161102115345|478|2571|需要的可以联系我跟帖也可以我回马上回复的
-1|20161102115345|479|2572|关注汽车之家有很长一段时间了，期间也换过几个名字（绝对不是车黑，是因为每个名字都跟关注的车型有联系，PASS掉一款车这个名字就不能再用了）今天这个名字终于确定下来了
-1|20161102115345|479|2573|:office:?上午去交的订金，白色手舒的小三
-1|20161102115345|479|2574|4S店有现车，不过今天我比较忙加上天气也不太好就没有把车提走，只是简单的听听声音看了看出厂日期，准备明天把车提回家
-1|20161102115345|479|2575|（提完车上图）??去年年末就打算买车了就是这个车型老是定不下来，关注过的车型有，菱悦V3、比亚迪L3、腾翼C30（发现没就跟小三有缘）、理念S1、赛欧
-1|20161102115345|479|2576|反正各有各的有缺点，最后本着爱国的精神选择了C30，希望她不要让我失望啊
-1|20161102115345|479|2577|?以后就要跟大家一起奋战在这个论坛里了，希望大家多多支持呀
-1|20161102115345|480|2578|3月16日去看了车展、起亚品牌车为什么一部都没有
-1|20161102115345|481|2579|今天去保养了，在4s店全程跟踪，店里服务还行，小师傅比较认真，遗憾忘记拍图片了
-1|20161102115345|481|2580|正题：就是发动机波箱下有个螺丝孔，没有螺栓拧进去，空留一个螺丝眼在那，我盯着师傅问了几遍，还特意问了下，师傅讲木有关系，都是空在那里的，问下筒子里的兄弟，这个孔有没有
-1|20161102115345|481|2581|螺丝孔的位置：正对发动机底盘，波箱：左下为放齿轮油的螺丝口，螺丝孔位于波箱右边正前方
-1|20161102115345|481|2582|这个孔到底有木有
-1|20161102115345|482|2583|??以下内容可能引起北方网友及心脏病网友身体不适，请网友慎看
-1|20161102115345|482|2584|如有不适，请关闭该网页，谢谢
-1|20161102115345|482|2585|??再次申明，以下内容为转载，我真的不想被喷
-1|20161102115345|482|2586|我只是喜欢吃而已
-1|20161102115345|482|2587|??粤人爱吃蛇，在南方蛇馔与鱼翅、燕窝齐名
-1|20161102115345|482|2588|中医认为蛇肉可补气血、强筋骨、通经络、祛风除疾、养肤美颜等功效
-1|20161102115345|482|2589|?广东人吃蛇，已有悠久的历史
-1|20161102115345|482|2590|《史记》中提到的地理书《山海经》，便在《国内南经》章中载：南方人吃巴蛇，可免“心腹之患”，可驱除疾病
-1|20161102115345|482|2591|??有人说，蛇的全身都是宝，蛇皮养颜，蛇肉蛇骨活血，蛇胆清热养目
-1|20161102115345|482|2592|因此，蛇肉特别受广东人喜爱
-1|20161102115345|482|2593|虽然有人怕蛇，但很多食客还是没有抵挡住蛇肉鲜美诱惑
-1|20161102115345|482|2594|鲜香的蛇汤、香脆的蛇皮、爽滑的蛇肉，无不令人垂涎三尺
-1|20161102115345|482|2595|??时下，当地不少地方餐馆推出特色的“蛇味”，有不少“吃蛇”之道，如：盐焗蛇，“龙凤同浸”，凉拌蛇皮，蛇血焗饭，川贝炖蛇胆，蛇火锅等等
-1|20161102115345|482|2596|???蛇酒：祛风除湿，效果很好
-1|20161102115345|482|2597|很适合有风湿的患者饮用
-1|20161102115345|482|2598|（铁锤我家也有一瓶）蛇肉火锅（一定要煮熟，避免寄生虫病）蛇皮是蛇肉中的极品啊
-1|20161102115345|482|2599|蛇胆，小时候生吃了很多，大了之后都在酒里挑破在吃
-1|20161102115345|482|2600|火锅美味～口水中....过山飙
-1|20161102115345|482|2601|无毒蛇啊蛇血掬饭，重口味我可没试过
-1|20161102115345|482|2602|清理是很重要的
-1|20161102115345|482|2603|寄生虫大多在鳞片表面
-1|20161102115345|482|2604|如果以上内容，你觉得没胃口
-1|20161102115345|482|2605|建议你看看下面的美味的口水蛇哈哈～～～
-1|20161102115345|483|2606|求各位前辈说一下你们提车等了多久我们这里销售让我等1个半月
-1|20161102115345|483|2607|说是蓝色的车需要厂子里造
-1|20161102115345|483|2608|造一辆车需要多长时间啊
-1|20161102115345|484|2609|?????前几日，本人带着心爱的小三去了一趟离城80多公里的偏僻山村?往返里程173km，油耗11L?底盘被挂3次?现奉上随手拍摄的部分图片，希望各位车友关心支持我国偏远农村的建设与发展?图片已删除图片已删除图片已删除图片已删除图片已删除图片已删除图片已删除图片已删除图片已删除图片已删除图片已删除图片已删除图片已删除图片已删除图片已删除图片已删除图片已删除图片已删除图片已删除图片已删除???图片已删除图片已删除
-1|20161102115345|485|2610|买了K5，开了一万多公里了，大多数都是在跑高速，因此油耗比较低一些，前段时间买了个多功能方向盘，850的那种，开始在外面安的，方向盘有点不正，喷油嘴的黄色故障灯也亮了（故障码，消掉就可以），去了4S店，被忽悠，花了300做的那种超声波清洗，本来如果没事了也无所谓了，结果以前打车一打就着，现在却出现了，凉车的时候第一次打车就很吃力，往往第二次才能听到那个澎湃的声音，我又回去找4S店，那个工人又说是节气门不干净，说是喷油嘴没问题了，节气门这边又因为太脏，进不去足够的气
-1|20161102115345|485|2611|出来之后，再打火，好了一点，但是已经跟刚开始买车的时候不太一样了
-1|20161102115345|485|2612|车往往是修坏的，我这才明白
-1|20161102115345|485|2613|希望广大车友注意
-1|20161102115345|485|2614|不要随便清洗或者被4S忽悠，回家上上网查查之后再决定
-1|20161102115345|486|2615|入手一个月，银色手舒，目前开了1800公里.下星期准备上趟高速，来回大约500公里，准备当天来回，路况是没的说，沪宁高速无锡到南京段，也走过不少次
-1|20161102115345|486|2616|只是自己的新车上高速还是头一次，请坛里的大仙们指点一下注意事项，新车上高速有没有什么注意事项的
-1|20161102115345|487|2617|大家好；挺长时间没发帖了，3.15定的XC60运动版的62万，大家指导一下，价格高吗
-1|20161102115345|487|2618|谢谢朋友
-1|20161102115345|488|2619|新车起步怎么老是熄火呢，开教练车还不会熄火，总觉得新车油门更不上，我们在城里，车子很多，起步熄火了后面车子按喇叭我更急了，请问各位朋友怎样才起步才自然呢
-1|20161102115345|489|2620|"车辆的保养主要有两个方面，一是由维修站为您提供的强制保养
-1|20161102115345|489|2621|另一方面就是车主自己作的一些日常保养
-1|20161102115345|489|2622|车辆的正常保养关系到车辆的使用寿命和司机乘客的安全
-1|20161102115345|489|2623|若保养或使用不当会引发车辆故障，带来安全隐患
-1|20161102115345|489|2624|所以您除了按时到我们的维修站进行强制保养外，自己还应做好日常的保养工作，这有益于车辆的""健康""
-1|20161102115345|489|2625|海南马自达很多用户的车辆在60万公里后，仍未出现大的故障处于良好的行驶状态，就得益于精心的日常保养
-1|20161102115345|489|2626|?购车后请您首先仔细阅读随车带的《产品质量保证书》和《使用说明书》，在《使用说明书》上有详细的使用注意事项和保养方法，您应仔细阅读并遵守之，才能保证车辆始终处于良好的使用状态
-1|20161102115345|489|2627|下面简单的介绍一下车辆的保养常识，希望能给您提供一些帮助
-1|20161102115345|489|2628|?一、发动机油量检查?将车辆停放在水平的路面上
-1|20161102115345|489|2629|拔出游标尺检查机油量，油亮若在（F）和（L）两个标线之内，则属于正常范围，若低于（L）位
-1|20161102115345|489|2630|则应添加指定型号的机油，加油后的液面不能高于（F）位
-1|20161102115345|489|2631|?二、发动机冷却液液面检查?发动机在热机状态时，千万不要打开散热器盖，否则可能会被溅出的冷却液或高温蒸气烫伤
-1|20161102115345|489|2632|等发动机冷却后，检查冷却液的液面应处于满位和低位之间，否则应加蒸馏水或纯净水（不能加矿泉水）或冷冻液，加水后的液面高度不能超过满位
-1|20161102115345|489|2633|如发现短时间内冷却液减少的很快，应检查冷却系统是否有泄漏或到维修站去检查
-1|20161102115345|489|2634|?三、制动液面的检查?制动也在高、低位之间则表示正常
-1|20161102115345|489|2635|如果制动液接近下限或低于下限则表示系统中可能有泄漏或制动蹄片磨损过多，应及时到维修站进行检修
-1|20161102115345|489|2636|?补加制动液时，要注意加同一种型号的制动液，防止损坏皮碗，注意保护好油漆防止腐蚀漆面
-1|20161102115345|489|2637|?四、离合器总泵液面的检查?离合器液面介于高、低液面间则表示正常，如果低于标准线，则可能是总泵或分泵皮碗损坏
-1|20161102115345|489|2638|在发动机运行状态下将出现挂档难或无法挂档的现象，请即时到就近的维修站检修
-1|20161102115345|489|2639|?五、蓄电池的保养检查?检查蓄电池固定是否牢固，电解液应在上限和下限之间，接近下线时应及时补加电解液或蒸馏水至高位线
-1|20161102115345|489|2640|保持蓄电池正负电缆接触良好，并保持蓄电池清洁干燥
-1|20161102115345|489|2641|放置时间较长的车辆要摘下蓄电池的正负极电缆，相隔半个月左右重新接线起动发动机约20分钟后，如果电量明显不足要及时充电
-1|20161102115345|489|2642|?六、轮胎的检查?每月应在常温下检查一下轮胎气压，如果低于正常标准应及时补充轮胎气压
-1|20161102115345|489|2643|气压不能过高或过低，否则影响驾驶的安全性
-1|20161102115345|489|2644|?检查轮胎的龟裂情况，存在安全隐患时应及时更换轮胎
-1|20161102115345|489|2645|?选用轮胎时，应使之型号一致
-1|20161102115345|489|2646|?七、皮带的检查?起动发动机或平时驾驶车辆时，皮带发响，一种情况是皮带长期没有检查调整造成，按正常标准调整即可
-1|20161102115345|489|2647|另一种情况是皮带老化，需更换
-1|20161102115345|489|2648|?八、空气滤清器的检查?空气滤清器过脏会引起发动机工作不良、油耗过大，损坏发动机等，检查空气滤清器时，若发现灰尘较少，堵塞较轻，可用高压空气从内向外吹净，继续使用
-1|20161102115345|489|2649|过脏的空气滤清器应及时更换
-1|20161102115345|489|2650|?九、火花塞的检查?正常的火花塞绝缘陶瓷完好
-1|20161102115345|489|2651|没有破裂漏电现象，火花塞间隙0.8+-0.0mm放电时，火花呈蓝色，较强
-1|20161102115345|489|2652|若发现异常需进行调整间隙或更换火花塞
-1|20161102115345|489|2653|?十、检查汽油滤清器?若发现供油不畅应检查汽油滤清器是否堵塞，如异物堵塞应及时更换
-1|20161102115345|489|2654|??http://kc.h8001.com???????????www.h8001.com???????http://sc.h8001.com?????"
-1|20161102115345|490|2655|买了半年的小三，简易装修，昨天下点雨，车子有点脏车窗亮条+门碗+亮把+双蜗牛喇叭一共花了150，还行吧，找关系换的坐垫花了360，贵吗
-1|20161102115345|490|2656|今天没事想起来发帖，没想到正好四个五求认证
-1|20161102115345|491|2657|开了这么多年车，大家有何感触
-1|20161102115345|492|2658|哈哈哈，本周末上作业
-1|20161102115345|493|2659|新阳光改装与装饰系列篇1、新阳光自动舒适版提车作业???http://club.autohome.com.cn/bbs/thread-c-64-14529459-1.html2、自动舒适版作业(后门加喇叭+扶手箱+行车记录仪)??http://club.autohome.com.cn/bbs/thread-c-64-14621522-1.html3、新阳光自动升窗器作业（左门底部线束的浅绿色为锁车信号线）??http://club.autohome.com.cn/bbs/thread-c-64-14635703-1.html4、移动固定雷达一体机与方向盘套??http://club.autohome.com.cn/bbs/thread-c-64-14670728-1.html5、阳光氙气灯改装作业???http://club.autohome.com.cn/bbs/thread-c-64-14865316-1.html6、新阳光前置倒车雷达安装作业??http://club.autohome.com.cn/bbs/thread-c-64-14918742-1.html7、?新阳光后防撞梁安装作业??http://club.autohome.com.cn/bbs/thread-c-64-15008698-1.html8、新阳光手动空调改自动空调作业??http://club.autohome.com.cn/bbs/thread-c-64-15131426-1.html9、新阳光LED二极管阅读灯DIY作业??http://club.autohome.com.cn/bbs/thread-c-64-15157376-1.html10、新阳光前摄像头安装作业??http://club.autohome.com.cn/bbs/thread-c-64-15378245-1.html11、新阳光前阅读灯安装作业??http://club.autohome.com.cn/bbs/thread-c-64-15469083-1.html12、新阳光DVD一体机无重启与挂档闪烁作业（6/25解决所有问题）??http://club.autohome.com.cn/bbs/thread-c-64-15890156-1.html13、2011东风日产新阳光原厂维修手册（唯一不是精华或推荐的，但个人觉得有点用）http://club.autohome.com.cn/bbs/thread-c-64-14793530-1.html14、新阳光引擎盖自动支撑杆作业（改装系列篇）http://club.autohome.com.cn/bbs/thread-c-64-15927370-1.html15、新阳光胎压监测安装作业http://club.autohome.com.cn/bbs/thread-c-64-15981671-1.html自3月初提车后，陆续对车子做一些装饰，今天后门加装喇叭后门需拆两颗螺丝，第一颗是梅花的，第二颗为套外六角+十字，两种工具均可拆开塑料板后的情况网上购的喇叭用两个螺检固定，因为自己装的，在停车场没有电，买的时候配的线太短，去五金店买了10米的电话线，拿到家里焊到喇叭后再装喇叭线穿过门的连接软管两连的喇叭线分别从两连门的盖板辅过集中到时DVD导航一体机用免剪线接线端将打左右门的喇叭线直接接到DVD的相应输出，注意极性将面板装回后的外观DVD为路特仕的80007，整体效果还可以，喇叭只是40元，所以对音质没有特别的要求，坐后面的声音还不错，前面的也有点环绕的感觉，40元+10元邮费+10元的喇叭线共60元+自己3个小时的工时（第一次拆方法不怎么好，现的可能1小时的搞好啦），值得
-1|20161102115345|494|2660|不想潜水，来冒个泡
-1|20161102115345|495|2661|威海地区有喜欢腾翼C30C50C20R的朋友进群219922547.威海地区有喜欢腾翼C30C50C20R的朋友进群219922547.威海地区有喜欢腾翼C30C50C20R的朋友进群219922547.威海地区有喜欢腾翼C30C50C20R的朋友进群219922547.威海地区有喜欢腾翼C30C50C20R的朋友进群219922547.威海地区有喜欢腾翼C30C50C20R的朋友进群219922547.
-1|20161102115345|496|2662|车子在2012年1月11日接到手，到现已经两个多月了，跑了4300公里，我觉得跑的还算不少吧，昨天赶快去做首保，做了首保后也不用老是想着什么新车、磨合期什么的了
-1|20161102115345|496|2663|首先附上两张首保后怠速立烟照片，一直听说能，但没试过，今天咱也试一下
-1|20161102115345|496|2664|?首先说一下车子的情况：1、问题：小三给我的感觉还可以，实话实话，没什么大毛病，这个价位也觉得值了，不过有一点令我很失望，那就是冷车启动后刺啦刺啦响，在车子300公里时候就出现了这个问题，一开始没注意，后来声音大点很，除非踩下离合器或把挂档把挂在4档位置声音才能消失
-1|20161102115345|496|2665|昨天做首保时问4s店师傅，他说这是通病，天气热了就好了，让我再开开试试，也只能先将就着了，如果到今年冬天冷的时候还是这样的话，就去索赔换新的变速箱，4s店的师傅说保修期是三年，先开着没事，实在不行了再考虑换
-1|20161102115345|496|2666|2、油耗：车子4300公里，基本上3000多是跑的高速，粗略算了一下，高速上6.5左右，油耗还不错，可以接受，我在高速上基本上都是跑140到150之间，最快跑到了190，跑了10分钟就没敢再跑那么快
-1|20161102115345|496|2667|3、装饰：车子基本没有怎么装饰，个人感觉白色的小三是c30中最漂亮的，就贴了膜，铺了底，贴了一个小壁虎，在冲车的地方封了一下釉
-1|20161102115345|496|2668|4、座椅：本人1米8多，坐在驾驶座感觉空间基本够用，就是座椅偏高，就算是调到最低，还是感觉有点高，特别是冬天垫上棉垫后，也看到了论坛上其他朋友改座椅，但出于安全考虑，最后决定还是不改了
-1|20161102115345|496|2669|5、改动：在本论坛上看到朋友弄的后备箱自动弹起，就自己动手改了改，很简单，花了2元买了个弹簧，现在效果很好
-1|20161102115345|496|2670|下面奉上首保照片，用手机拍的，不太清晰，大家将就着看吧
-1|20161102115345|496|2671|做完首保后4s店师傅给我上发动机护板上的不太好，护板离发动机太近了，一开车咯噔蹬直响，吓死我了，我以为是机器哪里出毛病了，赶紧开车回去，师傅说不用担心，是护板跟发动机发出的声音，没事，然后升起来把护板用撬杠向下撬了撬，声音没有了
-1|20161102115345|496|2672|一场虚惊
-1|20161102115345|496|2673|1、4s小师傅给咱小三支起来
-1|20161102115345|496|2674|2、升起中
-1|20161102115345|496|2675|3、升起后地盘，还算干净
-1|20161102115345|496|2676|?4、油路，整齐的排列，没有蹭底
-1|20161102115345|496|2677|?5、发动机护板
-1|20161102115345|496|2678|?6、开始放机油
-1|20161102115345|496|2679|7、首保时的全部更换零件
-1|20161102115345|496|2680|8、放齿轮油
-1|20161102115345|496|2681|?9、换的汽油滤芯
-1|20161102115345|496|2682|10、小师傅给我换空滤
-1|20161102115345|496|2683|11、完工，小三等我来驾驶
-1|20161102115345|497|2684|开了几天自己的小三，感觉方向是不是有点重，我也开了下朋友的智跑，感觉要轻一点，请朋友们指教
-1|20161102115345|497|2685|磨合的时候是不是只要转速在2000－4000都行
-1|20161102115345|497|2686|一般什么时候首保较好
-1|20161102115345|498|2688|车子刹车效果很不错，不过下沉很厉害
-1|20161102115345|498|2689|车避震器感觉还是蛮舒服，做工也相当不错
-1|20161102115345|499|2690|"???提车将近一个月了，早就准备想要交作业，因为忙着给爱车装修和为了积累多点点驾驶感受
-1|20161102115345|499|2691|从年前打算换车念头开始，不分日夜狂逛各大汽车网站，潜水论坛
-1|20161102115345|499|2692|预算是8万左右自动挡车型，手动挡俺的豪情开了8年，就是觉得累想升级自动挡
-1|20161102115345|499|2693|首先关注热门合资品牌，新赛欧""K2和瑞纳，车型小而且那乞丐配置...，中意的价格又伤不起
-1|20161102115345|499|2694|所以很快转向自主品牌，奇瑞的车型外观在我眼里总是觉得不那么协调，BYD连我办公室的女同志都摇头，虽然配置是相当的高，价格也
-1|20161102115345|499|2695|接着是吉利，我是老顾客了豪情那质量不错也好用，不过现在已经易主了，感情还有点，毕竟风风雨雨跟了我8年了
-1|20161102115345|499|2696|帝豪的价格貌似可以接受（老板是我同学），那油耗让我又转向了当时刚上市的GC7，毕竟价格便宜1万上下，6AT车型配置都比较满意，就它了，也差不多要过年了，想着过新年开新车心里那个美呀
-1|20161102115345|499|2697|怀着兴奋心情到4S一看，心立马凉了，大概要一个多月才有货到，4S店销售MM是看到我开着豪情过来的，说是老客户送了些礼品，那个热情赞一个必须的
-1|20161102115345|499|2698|我没订车，我等我再了解...毕竟是刚上市的，小白鼠还是有点怕怕
-1|20161102115345|499|2699|回家继续逛网站，发现c30改款车不错喔
-1|20161102115345|499|2700|因为2010年我弟买车时关注过它，那些缺点...大家懂的
-1|20161102115345|499|2701|经过升级优化也可以看出长城的造车用心，小3的做工不错，用料厚道，关门声比好多合资车好很多，外形有点肌肉线条也是我喜欢的，虽然偏小但空间不小，多功能方向盘和后地板平的都合我意
-1|20161102115345|499|2702|和GC7就让我纠结了，外形和做工GC7更显档次，CVT和6AT我更喜欢6AT，但小3是比较成熟的车型，销量那是刚刚的，油耗也更有优势，毕竟是工薪阶层，本着务实耐用原则加上在等了GC7将近两个月还不能确定到货时间，终于让小3投入了我的怀抱
-1|20161102115345|499|2704|相信20多万用户（不确定数据的真实性）的选择我要定了
-1|20161102115345|499|2705|接着纠结颜色，现货只有一辆银色的我不喜欢
-1|20161102115345|499|2706|红的
-1|20161102115345|499|2707|白的
-1|20161102115345|499|2708|众多亲朋好友你一言我一语把6个颜色都说上了，还是自己选红色个性些，一个星期到货，交定等，那期待的心情你懂的
-1|20161102115345|499|2709|回家逛淘宝选装饰（DVD导航、无匙进入、锁车升窗+前门一键升降等等），钱哗啦啦不好用
-1|20161102115345|499|2710|一个星期后来电话说到货的只有黑色，红色要再等，MD经过再三考虑，也等不及了（急性子我的坏脾气），提车时还是满鸡冻的，选的号牌也比较满意
-1|20161102115345|499|2711|???CVT的平顺我很满意，遇到红灯啊堵车啦也不用动手动脚了，有说自动挡缺少驾驶乐趣，对于新手来说开个三几年手动挡也许是很有乐趣，但遇到经常或每天堵车塞车的开上十头八年总是重复着离合，忙着进退挡你还有乐趣吗（我是觉得受罪了），小3的动力家用完全够用，有TX说提速肉，那是心急吃不了热豆腐，你越想快，把机头轰得翁翁响，小3反而慢悠悠的不鸟你，而且挺费油哦
-1|20161102115345|499|2712|CVT是不适合激烈驾驶的，挂D挡后要等一两秒钟车启动了你再踩下油门踏板，你还能感觉到轻微的推背感呢，不过转速两千以下的噪音不是很爽（引擎盖再加隔音棉效果不错噢），三千转以上时噪声我是满意了，提速也很不错哦，小3是高速发动机，时速90公里上下表现最好了
-1|20161102115345|499|2713|如果你想急超车可试试用手动模式降到4挡或5挡，那提速包你不肉，但那机声那油耗不用我说了吧
-1|20161102115345|499|2714|????音响方面对于大众来说完全够用，除非你不差钱，不过再好的音响车在路上四方的噪音来源相信你也不怎么享受
-1|20161102115345|499|2715|我比较喜欢DJ慢摇，就加了对高音和低音炮，改装DVD导航，倒车影像方便倒车和蓝牙通话，多功能方向盘非常实用
-1|20161102115345|499|2716|????悬挂偏硬（磨合期后应该会好些），有TX说是弹簧硬把它换掉，有待参考
-1|20161102115345|499|2717|A柱是有点影响视线，习惯就好了，二次打火没遇到，雨刮低速时有异响（要把雨刮片清理一下），座位高低调节是杯具（也很少调），油耗8个以上（磨合期后应该会更低），好了，车无完车，中意就好
-1|20161102115345|499|2718|很是享受好多TX的珠帘妙语精彩作业，不再罗嗦了先作业到此
-1|20161102115345|499|2719|惯例上图咯复古c30?侧影身材凹凸有致小3的PP性感吧，门上的亮条主要是保护作用，不好看也不难看小3回家来了背面好丰满哦改装后的DVD导航，销量很好不知质量好不好LED真的给力，我女儿在欣赏MTV”漂亮的姑娘就要嫁人啦“吸烟有害健康我这样子凶不市区走不开大灯也够用，省油的一招行车电脑不太给力喜欢单手抓方向掉头时方便快捷，准备上手缝真皮控制尾箱的开合状态，下次上视频后视镜还有更宽的，那公仔摇头也很得意导航改装，倒车影像也很清晰最后PS一张简单一份作业，和买了车或准备买车的TX共同交流学习第一次作业，不知惊喜有木有"
-1|20161102115345|500|2720|本人系一爱车迷，在不经意间迷上了起亚的智跑，无奈袋中大米有限，故恳请临沂的老乡们给点建议和意见吧
-1|20161102115345|500|2721|谢谢了啊=====
-1|20161102115345|501|2722|在多个档次中纠结;iphone4S,华为8860，HTC野火，小米但无货，选哪款呢，4S太贵，舍不得
-1|20161102115345|501|2723|但我的同事全这玩意，俺好象有点out了，用的还是2009年买的诺基亚6120C（当时看中它的396M的CPU智能手机），人家一触一摸的，看起来好玩
-1|20161102115345|502|2724|"提车三月有余，对车陆陆续续作了些改装，主要体现“骚”字，哈哈~~~~~~~~~~~据说这是重庆唯一的一辆大番茄，话不多说，开始上菜
-1|20161102115345|502|2725|这是前天的预告封面从局部开始...是否已感觉出了异样
-1|20161102115345|502|2726|对，自己加装了前雷达
-1|20161102115345|502|2727|很实用哦
-1|20161102115345|502|2728|这车前方左右两边视野差，有了雷达，进出窄路移库什么的得心应手
-1|20161102115345|502|2729|就没发现其他什么吗
-1|20161102115345|502|2730|那就往右上角看........................................是的，中网的位置，这是本人认为爱车最骚的地方哈哈
-1|20161102115345|502|2731|换了韩国进口“R”款中网
-1|20161102115345|502|2732|此中网上身身后，车车顿时战斗力狂升，运动感加强，而且超酷，推荐爱与众不同的跑友安装哦，来自于某宝...............下面上中网PP..............................犹抱琵琶半遮面，好戏在后头......................................继续........................再来..........................须要点掌声...................下面车头全貌登场传说中的最佳角度》》》》》》》》》》》》》》》》有发现什么了吗
-1|20161102115345|502|2733|哈哈，对
-1|20161102115345|502|2734|BREMBO的刹车卡钳，这个东东可骚了.................................细看有玄机哦~~轮毂贴了碳纤纸，这个都懂得吧~~~~~~~~~~~~~~~轮毂盖贴的大红虎头标
-1|20161102115345|502|2735|看起来还不错.....................................下面是泡泡专用的碳纤维牌照框》》》》》》》》》》》》》》》》》》》》》》》》很漂亮哦，也显得更加有运动范儿......................................来两张霸气的》》》》》》》》》》》》》》》》哈哈，应该不算违规吧..............................下面是传说中的大鹏展翅》》》》》》》》》》》》》》》》》》》》单出双排，哈哈~~~~~~~~~~~~~~~~很霸气
-1|20161102115345|502|2736|性感PP~~~~~~~~~~~~~~~~~~~~~~~~~~~~~~45度~~~~~~~~~~~~~~~~~~是的，尾标换掉》》》》》》》》》》》》》》》这个标看上去很有运动风，哈哈~~~~~~~~~~~~~~~~韩版的顶配""TLX""标识..........................................当然是自己改的啦~~~~~~~~~~~~~~~~~~~~~~~后轮~~~~~~~~~~~~~~~~~~微距角度》》此角度的泡泡颇有轿跑风范》》》》》》》》》》》》》》》》》》》》》》镜中自拍左右护法，哈哈哈~~~~~~~~~~~~~这才是真正的护法
-1|20161102115345|502|2737|》》》》》》》》》》》》》》》》》》》》》》》》》》》》》》》》》》》》》》》》》》》》》》》》》》》》》》》》》》》》》》》》》》》》》》》》》》》》》》》》》》》》》》》》》》》》》》》》》》》》》》》》》》》》》》》》》》》》》》》》》》》》》》》》》》》》》》》》》》》》》》》》》》》》》》》》》》》》》》》》》》》》》》》》》》》》》》》》》》》》》》》》》》》》》》》》》》》》》》》》华丽的分割线——————————————————————————————————————————————————————————————————————————————————————————————————————————————————————————————————————————————————————————————————————————————————————下面上内饰作业》》》》》》》》》》》》》》》》》》》》》》》》迎宾踏板~~~~~~~~伪全景天窗》》合金脚踏中控一侧扶手装饰后门板》》》》》》》》》》》》
-1|20161102115345|502|2738|是的，BOSE...........................................右后..中控右侧中控掠影》》》》》》》》》》》》》》》》》》》》》加了亮片的方向盘是不是有高尔夫GTI的味道呢
-1|20161102115345|502|2739|是的,BOSE
-1|20161102115345|502|2740|自己加装的无线胎压监测，纸糊你懂得~~~~~~~~~~前雷达显示屏舒服的网靠露个脸~~~~~~~~~再次分割————————————————————————————————————————————————————————————————————————————————————————————————————————————————————————————————————————————————————————————————————————————————————————自己加装的漫步者低音炮，效果不错，无损安装，位置放在副驾驶座位下面，不占空间
-1|20161102115345|502|2741|至今媳妇都不知道
-1|20161102115345|502|2742|媳妇不让折腾啊，只有装这个了
-1|20161102115345|502|2743|瞒天过海，哈哈~~还在效果还行，双排低音阵列，震得心发慌~~~~~~~~~~~~~~~~~~~~~~~~~~~~~哦，布加迪也来凑个热闹哈哈，下面这个必须的》》》》》》》》》》》》》》》》》》》》》》》》》》》》》》》》》》》》》》》》》最后一次分割——————————————————————————————————————————————————————————————————————————————————————————————————————————————————————————————————————————————————————————————————————————————————————不知道违规不，如果违规请瓜哥第一时间通知，我立马删除
-1|20161102115345|502|2744|提车时4S送的原厂新款拓界，就是下面这个样子的四件套，因个人喜好问题不想装了，没上过车，原封纸箱在车库里放着，有兴趣的朋友欢迎重庆本地自取，价格800.送下面三样礼物：牌照框，方向盘皮套，车用灭火器
-1|20161102115345|502|2745|都是全新的哈
-1|20161102115345|502|2746|还有改装车标，可以安装在中网或者尾部，买成230一个，当时买了一对，结果现在换了中网了就多了一个，全新的自带背胶，现在低价装让150，还送一套全新的智跑专用镀铬门碗，四个
-1|20161102115345|502|2747|另外9新的2.0N版中网也低价出让了，200元自取
-1|20161102115345|502|2748|感兴趣的朋友联系本人电话18623103100.祝广大跑友身体健康，幸福快乐
-1|20161102115345|502|2749|"
-1|20161102115345|503|2750|?今天看了所有的帖子，木有发现有改装剪刀门的
-1|20161102115345|504|2751|新买车自带的导航，凯立德的，12款C30，现在打开导航不太好用了，显示不到路线，但是还有语音提醒，应该是软件问题，但是怎么给它升级我就不会了，或者谁有办法弄好好、这个故障呢·····第一次用的时候什么是都没有，就是死机一次，按得复位键，然后就这样了，就导航不能用了，其他都没事·····求高手啊
-1|20161102115345|505|2752|??准备带着父母到内地到处转转，想给父母下些他喜欢的戏剧，给母亲下些她喜欢的电影，路上他们好看（特意加装了两个背屏）
-1|20161102115345|505|2753|请教大家K5要求的是什么格式
-1|20161102115345|505|2754|??谢了
-1|20161102115345|506|2755|今天看车，2012手舒优惠现金两千，装具3000
-1|20161102115345|506|2756|到底怎么样
-1|20161102115345|506|2757|另外赛欧1.4的怎么样
-1|20161102115345|506|2758|求大家以实相告
-1|20161102115345|506|2759|谢谢了
-1|20161102115345|506|2760|?
-1|20161102115345|507|2761|好难受哦，经过了好几轮的磨价，才1.5W
-1|20161102115345|507|2762|磨不下去了
-1|20161102115345|507|2763|1W+送5000精品
-1|20161102115345|508|2764|有人说全球鹰图标就是仿的红山文化玉猪龙?《有图有看法的进》我一直以为全球鹰的图标仿的是凤凰的头，可是有人告诉我说是仿的古代的龙，当然中国人用龙标挺好，但是我还是想搞清楚
-1|20161102115345|508|2765|大家说说吧
-1|20161102115345|509|2766|各位车友前辈，请教一个问题:齿轮油用更换吗
-1|20161102115345|509|2767|根据公里数更换吗多少公里需更换
-1|20161102115345|509|2768|另外正时皮带什么情况下更换
-1|20161102115345|510|2769|红框框这里为什么上面是空的啊没有盖板什么的吗
-1|20161102115345|511|2770|c30的新车防冻液都是不足的，我打开看了看都在L一下，再有就是问大家一个问题，跑十公里左右的时候熄火之后，散热风扇还转吗
-1|20161102115345|511|2771|请教啊
-1|20161102115345|511|2772|是不是防冻液不足的原因啊
-1|20161102115345|511|2773|还有就是大家的新车慢慢刹车的时候到最后的时候刹车盘响吗
-1|20161102115345|511|2774|、我和同事的都想
-1|20161102115345|512|2775|大家猜下，呵呵
-1|20161102115345|513|2776|去年11月份提车，所以还没开过空调，偶尔车窗起雾了开风扇吹吹
-1|20161102115345|513|2777|我就是想问这个风扇，它自带加热系统吗
-1|20161102115345|513|2778|翻了说明书也没找到，空调的那个调节旋钮停在中间位置
-1|20161102115345|513|2779|每次开了风扇一会车里面的温度就上去了，吹出的也是热风，这是什么情况啊，按理说我没开制热啊
-1|20161102115345|513|2780|我想我们是需要只要风扇不要空调的时候的，春秋天的时候，车外空气适宜，车里面气温高了可以开风扇吹吹，换换气，开车窗的话跑高速噪音太大，这车可以只开风扇而不开制冷制热系统吗
-1|20161102115345|513|2781|谢谢
-1|20161102115345|514|2782|借媳妇可以，借车不行
-1|20161102115345|515|2783|准备入手第二辆车，主要是老婆和女儿开，是花冠还是威驰呢
-1|20161102115345|515|2784|另外烦劳大家给推荐一下配置
-1|20161102115345|516|2785|是不是也脱保了
-1|20161102115345|517|2786|我的车跟你的一样，手动舒适，请问你的阅读灯在哪买的
-1|20161102115345|517|2787|我没找着
-1|20161102115345|518|2788|自驾游途中由于对路面的不熟悉或者一些路面状况较差，可能会导致车辆的外部产生不太明显的刮伤、凹陷的痕迹，特别是在前保险杠位置
-1|20161102115345|518|2789|有些刮碰所导致的油漆层裂缝不是很大，没有影响到车辆的外观，因此往往被忽视
-1|20161102115345|518|2790|靓车会汽车美容行业交流2群211835756欢迎您的加入
-1|20161102115345|518|2791|检查车身有无刮痕自驾游途中由于对路面的不熟悉或者一些路面状况较差，可能会导致车辆的外部产生不太明显的刮伤、凹陷的痕迹，特别是在前保险杠位置
-1|20161102115345|518|2792|有些刮碰所导致的油漆层裂缝不是很大，没有影响到车辆的外观，因此往往被忽视
-1|20161102115345|518|2793|等到油漆层下的金属开始生锈，外表能看到了，此时内部的金属层已锈蚀得很厉害，再进行处理时就要“伤筋动骨”了
-1|20161102115345|518|2794|因此，春节回来后检查车身外部有无刮痕，很有必要
-1|20161102115345|518|2795|擦车身别用油掸子每次风尘仆仆行驶后，许多车主会习惯性地用油掸子擦擦前挡风玻璃、拂拭车漆表面的灰尘和沙土
-1|20161102115345|518|2796|这其实是不正确的
-1|20161102115345|518|2797|因为旧油掸子里夹带了大量的沙尘，车主每天用同一把油掸子擦车，就如同用锉刀在车漆上蹭，亲手在车漆上制造细微的划痕
-1|20161102115345|518|2798|另外，车门玻璃和挡风玻璃也要用清洁剂擦洗
-1|20161102115345|518|2799|擦洗挡风玻璃时，最好先清掉雨刮片上的小沙粒，操作技巧是将刷片向前扳开，用湿毛巾将刷片内清洗干净
-1|20161102115345|518|2800|靓车会汽车美容行业交流2群211835756欢迎您的加入
-1|20161102115345|518|2801|内饰要进行彻底消毒陈经理说，很多人在开车的时候很少开窗通风透气，这样一来车内就积聚了大量细菌
-1|20161102115345|518|2802|而不通风是细菌、病毒最容易孳生的季节，所以对车内进行彻底的消毒是很有必要的
-1|20161102115345|518|2803|可以使用高温蒸汽把空调通风口、座椅、内饰等边边角角的污渍清除掉；再用专用的内饰清洗剂对仪表台、车门等部位进行清洗消毒
-1|20161102115345|518|2804|最好用中性的洗涤液进行清洗，另外，在清洗时要注意避免音响、收音机、cd等电器设备因进水而受到腐蚀
-1|20161102115345|518|2805|冷却液别换成清水除了以上几项外，检查水箱里的冷却液是很多人容易忽视的
-1|20161102115345|518|2806|如果冷却液不足，必须继续添加或更换冷却液，千万不要换成清水
-1|20161102115345|518|2807|因为清水易生成水碱、水锈，继而腐蚀发动机内体；而且清水沸点低，极易造成水箱“开锅”
-1|20161102115345|519|2808|看到几位安友上的仪表台图片，中间显示屏上有中文“平均油耗“字样，而我的显示有平均油耗，却没这几个中文字，这是啥原因
-1|20161102115345|519|2809|很奇怪，难道只有DSG变速箱的显示中文，偶是手动就没有了
-1|20161102115345|519|2810|手动挡的兄弟们来看看，你们的有没有啊
-1|20161102115345|519|2811|?
-1|20161102115345|521|2812|我的是2011款精英版的
-1|20161102115345|521|2813|当时买车4S就这一辆了
-1|20161102115345|521|2814|买完发现没有前雾灯，后备箱灯
-1|20161102115345|521|2815|后来知道别款车型也没有，但听说有预留线接上等就能用
-1|20161102115345|521|2816|前雾灯我已经找人安完了
-1|20161102115345|521|2817|后备箱感觉没啥用就没装
-1|20161102115345|521|2818|不知道还有没有其他什么地方有预留线的
-1|20161102115345|521|2819|看看有没有用
-1|20161102115345|521|2820|请各位指教
-1|20161102115345|522|2821|今天突然开着雨刷刮不停，马上开到镇上的小店检查，原来是雨刷继电器坏了一个，跑4S太远，将就用，等保养再去
-1|20161102115345|523|2822|有谁刷了ECU的.
-1|20161102115345|525|2824|版主，我有个贴要删一下~你有QQ留下没
-1|20161102115345|525|2825|帮我删一下~
-1|20161102115345|526|2826|精英版自动挡的，在速度大约20km/h―40km/h的时候，缓给油门，速度不是慢慢的很顺畅的上来，而是感觉突然抽的一下速度就上来了，收油也会有轻微钝搓感
-1|20161102115345|526|2827|不是一直这样，只是出来的频率比较高
-1|20161102115345|526|2828|请问各位大哥，这一般是哪的问题
-1|20161102115345|527|2829|还没敢贴上，怕位置不对和人家真的停一块露馅了，哪位大哥是3.0的帮我量量位置呗，不过我觉得我还不是
-1|20161102115345|527|2830|（省去6个汉字），因为
-1|20161102115345|527|2831|（省去7个汉字外加一个英文单词）
-1|20161102115345|528|2832|不知道何时上市有朋友知道吗新闻也可以
-1|20161102115345|529|2833|前些香港本港台报到说，茂湛高速这边有撞车党，今天小弟从多分钟后给他们2500元就完事了，因为上次我也听过广东湛江路段的高速
-1|20161102115345|530|2834|前些时候去武汉东本宏坤亚4S店，想再买新款的CRV，没想到说是加价3万才能提车，奶奶的这世道怎么这样
-1|20161102115345|530|2835|也就一本田的牌子，有那么值钱吗
-1|20161102115345|530|2836|也幸好他加价，不然现在后悔都来不及了
-1|20161102115345|530|2837|回家后想来想去，真气人啊
-1|20161102115345|530|2838|买个本田的车子居然要加价
-1|20161102115345|530|2839|你当你是法拉利和宝时捷吗
-1|20161102115345|530|2840|再说了人家卖豪车的还便宜几万卖
-1|20161102115345|530|2841|呵呵，真是可怜了咱中国老百姓啊，非要一窝疯似的买加价车
-1|20161102115345|530|2842|真像街边卖小吃的，越是排队，越是买的人多
-1|20161102115345|530|2843|买回家吃后把肚子吃坏了，这才知道上当了
-1|20161102115345|530|2844|?看了X1后心里也有很多想法，总体就两点：CRV大点，X1小点，一个是本田，一个是宝马，出自的门户不同，身价也不同CRV就是一个肚里能装很多东西的大个子老婆而已，（人家在城里走一百公里吃15-16个油饼都喂不饱）相亲时，她当你说吃的少，那是骗你忽悠你的
-1|20161102115345|530|2845|哥们记着啊
-1|20161102115345|530|2846|而且现在的屁股比以前刚认识时，更大更圆了些（人家大姑娘吃的多麻），但也上不了山，下不了地
-1|20161102115345|530|2847|遇到人多拥挤的地方，想找个车位清静都难
-1|20161102115345|530|2848|还有：带她出门，满大街都是和她一模一样的姑娘，那还了得，大众的眼睛都看累了
-1|20161102115345|530|2849|出去现在没有了以前那么高的回头率了
-1|20161102115345|530|2850|X1个子小些，外观耐看
-1|20161102115345|530|2851|漂亮
-1|20161102115345|530|2852|男人不也喜欢小巧玲珑的嘛
-1|20161102115345|530|2853|肚儿小点（人家娇气麻，吃的少，所以个子小麻），所以说人家姑娘家，装不了太多的东西，装个千把万的现金还是装的下的，别看她个小，在你累了时，你却能把她当床一样躺在后面
-1|20161102115345|530|2854|还有：人家也是富家千金出身，怎么能上山下地呢，想要能下地干活，最好娶她大姐X3和X5才行
-1|20161102115345|530|2855|宝马妹子娶进门是给你撑门面的，你就不用指望她给你干粗活了，平时就喜欢打开全景天窗说亮话，哄你开心，但绝不骗你
-1|20161102115345|530|2856|别人有的，她都有就行了
-1|20161102115345|530|2857|带她上街想找个和她一样的姑娘，还真难得，带上这小个老婆子上街，回头率还真高
-1|20161102115345|530|2858|围着城里转一大圈才吃8-9个油饼就饱了
-1|20161102115345|531|2859|上午提车后巧遇同为钻石银的Q5，同时发现智跑2.4P与Q5的轮胎所有规格完全是一样的
-1|20161102115345|532|2860|天气越来越热了，我发现一个问题：刚刚的玻璃窗一到天气热的时候，升降的时候吱嘎吱嘎的响，天气冷的时候好像没有那么严重
-1|20161102115345|532|2861|这是为什么呢
-1|20161102115345|532|2862|热胀冷缩
-1|20161102115345|532|2863|应该怎么解决这个问题呢
-1|20161102115345|532|2864|有没有办法啊
-1|20161102115345|533|2865|我的小三，6个月了里程3000多，今天去首保，驾车120KM到了4S，人家却告我里程不足，回去吧
-1|20161102115345|533|2866|让我到4500再去，回来时高速下来，小三停在了路边小饭店门前，让***给了一张罚单
-1|20161102115345|533|2867|一路上烦呀
-1|20161102115345|533|2868|?
-1|20161102115345|534|2869|昨晚带着为啥CitySafety一会儿可以启动，一会儿又失效的疑问，久久不能入睡
-1|20161102115345|534|2870|早上起来看到坛子里的兄弟们热情的支招，很是感动
-1|20161102115345|534|2871|刚刚，针对种种可能性，一一测试，现将CitySafety启动的要素总结如下：要素一：车速，最好大于10km
-1|20161102115345|534|2872|?经过再次仔细阅读车书，书上有明确提示“CitySafety需要在4km时速以上才能启动”
-1|20161102115345|534|2873|我实测结果是在5~10km的时速，CitySafety启动不稳定，有几次车速表显示大概在6km或者7km（总之车速略高于5km），CitySafety没有启动
-1|20161102115345|534|2874|但，凡是超过10km的车速，都能启动
-1|20161102115345|534|2875|要素二：启动过CitySafety后，要重新启动车，直到“CitySafety启动”提示消失，才可以第二次测试
-1|20161102115345|534|2876|另，CitySafety启动对障碍物的尺寸没有太严格的要求
-1|20161102115345|534|2877|因为换了更小Size的箱子后测试，CitySafety同样启动了
-1|20161102115345|534|2878|以上是实测结果，供喜欢玩的兄弟们参考
-1|20161102115345|535|2879|今天在浙江永康，转了全球鹰和帝豪两个分销店
-1|20161102115345|535|2880|发现GX718和EC820都有现车
-1|20161102115345|535|2881|但GX718报价是99900，精英版
-1|20161102115345|535|2882|相当于加价1000元
-1|20161102115345|535|2883|EC820报价是114000，手动舒适版带天窗
-1|20161102115345|535|2884|相当于加价4200元
-1|20161102115345|535|2885|?没天理啊……
-1|20161102115345|536|2886|英伦的品牌定位其实比帝豪还高，只是吉利做烂了
-1|20161102115345|536|2887|内饰肯定会提升一点，但价格肯定也会贵一万
-1|20161102115345|537|2888|有USB没DVD有DVD没USB吉利这是在干什么啊?节省成本是这么弄的吗越看越失望?卡槽是插导航的，如果你觉得导航没用我也没话说了
-1|20161102115345|538|2889|看到大家都陆续定了2.0t,我也好想定啊，可是问了几家都说没收到可以定的消息
-1|20161102115345|538|2890|知道的告诉我下吧
-1|20161102115345|539|2891|速腾1.4T的车感觉还可以~也够用?因为家本来就有辆大众的车，所以用起来也还比较熟悉?K5明显宽敞些~好歹也是B级车了~~?但是感觉K5的车门好空~~~开门关门的感觉不是很好~感觉很轻~?很空的那种感觉~~?速腾就好多了~~?不知道是不是车门薄些~?内饰~K5肯定好看多了~~速腾就是大众一贯的风格~没啥亮点~~?外形也是K5牛X多了~~帅啊~~??现在就担心质量问题~~~?不知道各位TX有啥见解~~
-1|20161102115345|540|2892|我的小5是去年11月份买的，上面出厂日期是5月份，这车是2011款呢还是2012款，有车身机架号但我也不会查
-1|20161102115345|540|2893|不是我去提的车，所以我也搞不清楚这车身哪一款的了，请大虾帮我分析下
-1|20161102115345|540|2894|CA7165AT4
-1|20161102115345|543|2895|最近?看到一些厂家推出了0月租0月供?，到底是什么啊?，买车有什么好处啊?，有什么?要求啊
-1|20161102115345|544|2896|小弟新购了台日产阳光低配，想了解下新车提回家一般添些什么件，最好是带名字带价格
-1|20161102115345|544|2897|还有电子狗什么牌子适合导航是装到中控好还是单独悬挂好
-1|20161102115345|544|2898|如果装中控好选什么牌子的性价比适当的谢谢
-1|20161102115345|544|2899|麻烦前辈们为我推荐········小弟感激不尽
-1|20161102115345|545|2901|纠结啊，怎么全让我赶上了，请各位帮助求助一下，我想周末去4S店查查看
-1|20161102115345|545|2902|要注意哪些事项
-1|20161102115345|546|2903|185853426
-1|20161102115345|547|2904|买的朋们买都贷款吗选哪个方式贷啊小弟年收入15~20万适买e吗有说买最不好不超家庭年收总和
-1|20161102115345|548|2905|我的2.4P跑跑改装（已经改装完毕）?1.两前门开门警示灯改装，加LED灯打开门后灯光点亮
-1|20161102115345|548|2906|（加装理由：提高安全性）2.后门尾灯加装刹车灯和夜行灯，刹车灯是爆闪+长亮
-1|20161102115345|548|2907|（加装理由：提高安全性）3.全车更换扬声器和在原车低音位置加装重低音炮；原车的扬声器实在是太垃圾，没有重低音的音乐效果总感觉缺少了点东西
-1|20161102115345|548|2908|（加装理由：为了耳朵的舒服，小小的奢侈了一把
-1|20161102115345|548|2909|）4.倒车镜改装为大视野加热蓝镜
-1|20161102115345|548|2910|（加装理由：提高安全性）5.全车门及后备箱做隔音处理，发动机盖板做隔音处理
-1|20161102115345|548|2911|（加装理由：减少噪音）6.喷涂底盘装甲
-1|20161102115345|548|2912|（加装理由：底盘防护兼部分隔音）7.后备箱内备胎安装一体式电子密码保险柜
-1|20161102115345|548|2913|（加装理由：安全防范，加大被抢被盗的难度）8.更换前大灯总成，直接上日行灯、远近光氙气灯
-1|20161102115345|548|2915|（加装理由：提高行车安全）9.除去原车空调滤网改用空滤格
-1|20161102115345|548|2916|（加装理由：阻止过多的粉尘进入车内，更好的净化空气
-1|20161102115345|548|2917|为身体着想）10.加装四门窗玻璃关窗器
-1|20161102115345|548|2918|（加装理由：安全防范，在疏忽关闭车窗的时候起到防盗作用）11.两侧加装踏板
-1|20161102115345|548|2919|（加装理由：起亚4S免费送的，不装白不装，哈哈）图片1?图片2?图片3图片4图片5图片6图片7图片8图片9图片10图片11图片12图片13图片14图片15图片16图片17图片18图片19图片20?????????????????
-1|20161102115345|549|2921|一旦发生的话只能更换不能维修，这是真的吗
-1|20161102115345|550|2922|跑过高速的TX都知道，在跑一段时间高速后，会感觉发困，想睡觉
-1|20161102115345|550|2923|大家都是如何做的呢
-1|20161102115345|550|2924|特别是我看到好几个车友一次都跑几千公里，还有个别的，能跑一万公里，你们是如何保证开车不困的
-1|20161102115345|551|2925|新手上路废话不多说直接上图：
-1|20161102115345|552|2926|换挡拨片和S档功能一样的嘛
-1|20161102115345|552|2927|S档具体怎么操作啊，超车是该加档还是减档呢（详细）麻烦兄弟们回答一下啦
-1|20161102115345|553|2928|看了这些我无语了
-1|20161102115345|553|2929|现代女孩啊
-1|20161102115345|554|2930|江西九江???长城腾翼C30QQ群??171487085有意者请进?
-1|20161102115345|555|2931|昨被公汽刮了我的后视镜，换了转向灯，花了400＋68税，对方全责，司机可怜像且需自付，就算了
-1|20161102115345|555|2932|公汽包我车头，我车停下来，还是眼看车尾要刮我后视镜了，却不知如何回收，急也无用，被刮，后视镜外壳也掉了
-1|20161102115345|555|2933|幸好就只转向灯其他无大碍
-1|20161102115345|556|2934|昨天去加油，加油员说汽油又要涨价了，好像是上调3毛吧，不知道是不是真的，有同学有内幕消息么
-1|20161102115345|556|2935|??顺便发个四大喜?四大悲?网友发给我的，恭大家一笑
-1|20161102115345|556|2936|?久旱风干露------冰雹他乡遇故知------债主洞房花烛夜------有病金榜题名时------做梦
-1|20161102115345|557|2937|广州手舒白色等一个月提车鸟，优惠三千，自降优惠一千加装了倒车雷达和膜
-1|20161102115345|557|2938|作业不上了，坛子里面大把，上照片一张，最近老下雨至今还没有洗过
-1|20161102115345|557|2939|另外今天意外了一把，临时停车的时候起步想走，一打火发现声音不对劲啊，结果发现停车时根本就没有熄火，发动机声音低了也不是什么好事儿啊
-1|20161102115345|557|2940|--------------------------------------------------------------------------------购车历程：八零后农村人，毕业出来工作好多年了，去年才报名考驾照，提车前几天才考过拿证
-1|20161102115345|557|2941|打小就对车子有梦想，小时候用轴承加木板做过板板车，人生的第一台玩具“车”啊，真的是可以动的车，全脚动或者重力驱动
-1|20161102115345|557|2942|后来上学的时候最大的梦想就是买台奥拓车，图片在下面
-1|20161102115345|557|2943|由于去年把房子装修好了，今年终于把买车的事情提上了议程，由于自己钱少当初买车的第一选择是长安的奔奔MINI，那个屁股我是超级喜欢，便宜、省油、个子小好停车等
-1|20161102115345|557|2944|去4S看的时候给父母一说，他们是坚决不同意，说好歹要买个像样的意思就是说要三厢的，他们赞助
-1|20161102115345|557|2945|结果在附近的长城店看到了小三，销售马上招呼过去，一谈价包牌才八万不到，给二老一说他们也觉得不错至少外形他们是很喜欢的，回家上网学习了半天终于去4S订了一台白色的，多亏父母赞助啊，真的是天下父母心啊
-1|20161102115345|557|2946|不过话说回来我是独生子不赞助我赞助谁呢，是吧
-1|20161102115345|557|2947|本图片来自互联网----------------------------------------------------------------------------------写在最后：人生第一台真正意义上的车，机动车
-1|20161102115345|557|2948|不用拉风、豪华动力强悍等等，是一台车也是一个梦想，终于把它给实现了
-1|20161102115345|557|2949|平时开车注意些，遵守交通规则这些就不用多说了，真的很重要
-1|20161102115345|557|2950|加速超车有快感，过路口不减速转弯抢道这些是牛逼，但危险也离你越来越近，也不是说速度慢就一定好比如高速就不能太低速，我强调的是文明行车，不违章违法，保持合理车速，然后大家比的就是运气
-1|20161102115345|557|2951|前天出去吃饭的时候，通过玻璃窗户看到交警在给别的车抄牌，那哥们图方便把车停到马路的另一边而且还是反方向的，往我这边靠十米不到的距离停车就可以不用吃罚单，结果同样是停个车，他虽然比我省了十秒钟+十角钱，但同时也多付出了二百元+一分的处罚，这个就是教训啊
-1|20161102115345|557|2952|通过这些事情就可以看出其实一个车省不省钱，很多时候由你决定的
-1|20161102115345|557|2953|之前千八哥的事情我看过，我的收入也不高，保险买多些我的三者加无责五十万，准备每个月给它千把块的预算吧，所以有梦想的同学，如果没有其它经济压力，就去实现它吧
-1|20161102115345|557|2954|一切量力而行就好，加七百块油可以跑一千公里左右我还是新车新手，另外三百块就当成违章修车停车等“基金”了
-1|20161102115345|558|2955|今天同事喊我出去逛车城，路上经过一家全球鹰的经销点，忽然瞥到有辆GX7，激动的心扑通扑通的跳啊
-1|20161102115345|558|2956|陪同事忙完后回来的路上赶紧进去看了看，真车比整天看图片给力多了
-1|20161102115345|558|2957|挺有视觉冲击力的，也比较大气
-1|20161102115345|558|2958|前后座都坐了下，很宽敞
-1|20161102115345|558|2959|后排空间不错，非常满意
-1|20161102115345|558|2961|可惜了是手动挡的，要是自动挡的上了估计当时就有下单的冲动了
-1|20161102115345|558|2962|之前在起亚SSSS店看K5，优惠2W5，弄得我心痒痒的
-1|20161102115345|558|2963|差点就动摇了买SUV的心了
-1|20161102115345|558|2964|我问那负责人这是2S还是什么等级，那人说这个店是吉利直销的
-1|20161102115345|558|2965|我一听就让他给吉利厂家赶快把广大车主盼6AT的意见尽快的反应下啊
-1|20161102115345|558|2966|那人说可能6月份左右就上了
-1|20161102115345|558|2967|我看着吉利说神马都是浮云啊，可信度不高
-1|20161102115345|558|2968|发两张用手机随拍的，当时光顾着激动了
-1|20161102115345|558|2969|随便拍了两张就赶紧上车感受去了
-1|20161102115345|559|2970|提车5天跑了150公里竟然跑掉了150块钱油，恐怖吧
-1|20161102115345|560|2971|??
-1|20161102115345|561|2973|换的话多少钱一条
-1|20161102115345|562|2974|为进一步规范ix35论坛内相关QQ群信息，促进论坛健康有序发展，提高区域ix35车友凝聚力，有效组织区域活动，现根据汽车之家论坛管理相关办法，对ix35相关QQ群进行规范
-1|20161102115345|562|2975|规范后的QQ群将作为ix35车友全国、地区、活动等联络用途
-1|20161102115345|562|2976|???自今日起，论坛内所有发布的QQ群信息，必须经过管理审批后方能发布，且发布信息中不允许出现买卖或团购信息，未经审核或不符合群要求的将一律清除
-1|20161102115345|562|2977|???一、各地区群要求???1、地区群原则上要求为超级群或高级群，尽量减少群数量
-1|20161102115345|562|2978|???2、群主及群管理员要求必须保证每天在线时间不少于1小时，并能够定期组织区域内活动
-1|20161102115345|562|2979|???3、地区群均为车友自发组建，无商业目的
-1|20161102115345|562|2980|禁止团购群或商业目的群入驻
-1|20161102115345|562|2981|???4、各地区群满员或新增扩展群时，请提前短信通知我，陆续增加
-1|20161102115345|562|2982|?二、加入及审核要求???1、符合条件的地区群，请以站内短信方式，将QQ群号码、群主或管理员的论坛ID、群介绍发送给我
-1|20161102115345|562|2983|???2、群名称统一修改为“ix35成群-XXX分会?”????3、车友会群主必须为ix35认证车主或经过版主认证
-1|20161102115345|562|2984|并且在论坛发表精华帖
-1|20161102115345|562|2985|???4、请不要在本贴回复中添加ＱＱ群信息，不论是否经过审核，一律删除楼层
-1|20161102115345|562|2986|???再次声明一下，未经审核发布的QQ群信息将全部清除
-1|20161102115345|562|2987|????++++++++++++++++++新QQ群请找无限版主申请和登记++++++++++++++++++++???
-1|20161102115345|563|2988|准备把噌下的凹痕，询问了一下美容店，说是两扇门带钣金大约5-6个小时，据说是快干漆，喷完就可以打磨抛光了
-1|20161102115345|563|2989|看见有烤漆房，但是不知道最后是否要进去烤
-1|20161102115345|563|2990|请问一下，快干漆做出来的漆面怎么样
-1|20161102115345|563|2991|和烤漆有区别吗
-1|20161102115345|563|2992|4S需要2-3天!
-1|20161102115345|564|2993|新阳光是东风日产旗下的一款主力三厢轿车，自2010年广州车展上市以来，一直保持着月销量过万台的成绩
-1|20161102115345|564|2994|近日编辑从东风日产知情人士处了解到：为了保持新阳光的市场竞争力，东风日产将于近期推出2012款新阳光，首批上市的车型与现款相同（依然为6款）
-1|20161102115345|564|2995|下面就让我们根据这款车的参数和谍照来抢先了解一下这款车型
-1|20161102115345|564|2996|外观无变化车身高度降低4mm?东风日产新阳光作为一款家用轿车，在上市初期就凭借着空间优势吸引了消费者的亲睐
-1|20161102115345|564|2997|2012款阳光在长×宽×高方面分别为4426mm×1696mm×1514mm，这数据与现款阳光基本相当
-1|20161102115345|564|2998|2012款阳光的轴距长度依然为2600mm，能够保证这款车的内部空间
-1|20161102115345|564|2999|在外型方面，2012款新阳光与现款车型并没有明显的区别，车身线条依旧采用了跃动流畅的设计
-1|20161102115345|564|3000|2012款新阳光的前脸设计圆润饱满，大面积的镀铬格栅是这款车充满了霸气
-1|20161102115345|564|3001|同时辅以椭圆形锐利前大灯的点缀，让车身看起来充满了力量感和气势感
-1|20161102115345|564|3002|新阳光将依然采用CVT变速器和PureDrive动力系统东风日产2012款新阳光将继续搭载全新设计的CVT变速箱，这款全新的变速箱一改传统CVT的模式，具有更节油、更平顺、超低摩擦设计以及温控优化系统等优势
-1|20161102115345|564|3003|作为东风日产首款使用“PureDrive”的车型，新阳光将继续沿用这套环保动力系统，最大化提升燃油效率，实现动力输出和燃油经济型的最佳平衡
-1|20161102115345|565|3004|?????????????
-1|20161102115345|566|3005|3.18日，周日，直接就想去弄（下面有图解释），今天下午总算有时间了，最近去了好几个地方都找不到碳纤维布纠结，就用碳纤维纸贴了，买了2米我想大概够了~~~~~~??话不多说，先介绍下都做了什么~~前段时间说过，香水的痕迹，档位处（很麻烦）处理不掉，只能贴膜了四个门内侧，下面有实图????最主要的是要告诉大家，可能有的朋友不是很清楚（知道的就算了）就是档把手如何卸下来，下午也废了半天劲哈哈，不过还是我自己搞懂告诉小师傅的~~~~~~~~~~~~~~~???希望能帮到想处理此处污点又不知如何搞定的朋友???下面见图??????~~~~~~~~~~~~~~~~~????小师傅在裁纸，我先来张正面图~~~~~~~~~~~~~~~~~~~~~~~~~~????????龙膜广告就是为了处理这里的痕迹，大家看看有没有类似的情况~~~~~~~~~~~~~~~~~~~
-1|20161102115345|566|3006|????上边两张图的业绩，都是他的功劳???档位把手卸下来其实很简单，{双手握住，用力向上拔，一定要用力}~~~~~~~~~~~~~~~~~~~~~~~~~~~~~~~~~~~~~~~~~~~~~~~~~~~~~下面的图是我卸下面板，师傅去贴膜了（用的碳纤维）??????????看看塑料的，哈哈小师傅说了奔驰，宝马，也是这样，我放心了??这个是贴好了的左后门，这下不怕弄脏了，感觉比原来的硬塑料好点~~~~~~~~~~~~?左前门效果?右后效果???在我拍照的同时，小师傅正在用心的嘀咕我的嘿嘿，发图
-1|20161102115345|566|3007|?????因为会来的时候太晚了，天有点黑了，就没有拍都搞完的效果图，有时间拍点再发，?说实话，效果真的不错
-1|20161102115345|566|3008|比我预期的好很多~~?希望此贴能帮助遇到此问题的朋友??图稍微有点少，还望版主+++++精，不胜感激额?补交效果图?????????????????????
-1|20161102115345|567|3009|保险马上到期了，大家觉得那家保险好些呢
-1|20161102115345|568|3010|送你们一笑来的都是客，欢迎大家来欣赏我的创意，本创意归我所有，任何单位和个人，未经允许，严禁模仿和使用
-1|20161102115345|568|3011|第一：大家请不要拍（不准用任何不礼貌的用语，包括猪宝的粉儿
-1|20161102115345|568|3012|懂吗
-1|20161102115345|568|3013|）我这个新版主（齐天大圣版的），我大小也是个领导
-1|20161102115345|568|3014|以后我也要阅帖子了?亮点自己找吧反正此贴必火另外：警告“熏儿猪”版主，我的目标下一个就是你，到时候可不许生气哟??????????????无图不精彩，加个图吧
-1|20161102115345|569|3015|马上就可以提车了（XC60T5），座椅有拼色的（黑白色搭配），有纯米白色，方向盘都是米白
-1|20161102115345|569|3016|不知道选哪个了，还请各位有经验者从外观和实用角度帮忙选择下，谢谢
-1|20161102115345|570|3017|手豪6W5，送1000装潢，大家说说价格如何
-1|20161102115345|570|3018|还有往下的空间吗
-1|20161102115345|570|3019|谢谢
-1|20161102115345|571|3020|销售说阳光自动波波箱系进口的
-1|20161102115345|571|3021|手波波箱系国产的
-1|20161102115345|571|3022|求证
-1|20161102115345|572|3023|请问有哪个前辈知道四川达州到陕西安康的高速通了没有啊
-1|20161102115345|572|3024|非常感谢，小弟近两天要从重庆到西安，望前辈支招，万分感谢
-1|20161102115345|573|3025|???????看了好多贴，也问过别人，现在自己开有经验了，所以今天也发帖，说说60驾驶感受
-1|20161102115345|573|3026|???????11款，T6，目前6600公里，还没首保，不知道何时首保好，按说明书1w保就行，不知道该不该提前
-1|20161102115345|573|3027|先说优点：???????1动力，澎湃，尤其是s档，真的很爽，提速真快，稳
-1|20161102115345|573|3028|????????2舒适性，长途驾驶，左腿很累；在高速，如果车少，用自适应巡航，真的轻松，如果和同伴共同开车，前车用定速巡航，我后车跟着用自适应巡航，只需要把着方向就可以了，期待沃尔沃出第三代自适应巡航，那样方向都不用把了，
-1|20161102115345|573|3029|??并线辅助，个人认为还是比较有用；车道偏离，长途还是有用的，发困走神的时候都会体现出来；???????3每天启动转速下降很快，不用怎么原地怠速，转速一下来就可以走
-1|20161102115345|573|3030|最后补充一个优点：让我养成了上车就拉安全带；再说缺点吧，看看各位tx是否有同感：???????1最新发现：油门踏板震动，不知是什么原因，此次郊游才发现，以前好像没有
-1|20161102115345|573|3031|希望知道的tx不吝赐教
-1|20161102115345|573|3032|???????2方向，低速市区行驶时，如路面有稍大起伏，方向受影响较大（开过其它品牌的车，没有同感），但是高速没感觉，高速还是不错的
-1|20161102115345|573|3033|???????3没有自动大灯，这个档次的车了，这么简单的功能都没有
-1|20161102115345|573|3034|另外11款，竟然没有后视影像，只有考验自己的技术了
-1|20161102115345|573|3035|如果按左右键，后视镜自动下翻角度过大，还得低头看，不知能否调节
-1|20161102115345|573|3036|???????总之，瑕不掩瑜，T6真的还是不错的
-1|20161102115345|573|3037|上图：好大一棵树，据说已经500年了
-1|20161102115345|573|3038|梅花：
-1|20161102115345|574|3039|试驾后感觉空间和操控、内饰确实不错'不过对比手头的旧车主要提高还是内饰和外观'外观是给别人看的'内饰又不值如此高的价差'还要加价就决定再等'非优惠不买'请大家坚持
-1|20161102115345|575|3040|买C30今年就可以，如果买瑞纳的话估计的明年啊这两个车我们这都挺多?纠结
-1|20161102115345|576|3041|?自从x7下生以来，关注N久了，今天有幸一睹真容，这个日子来的太不容易了，欣闻石家庄已有样车，更是马不停蹄，抽个时间赶紧前往，终于在今天实现了
