-1|20161102115345|576|3042|?中午去了北二环国际汽车城，刚去时那是相当的激动，就像第一次跟女孩子约会一样，既兴奋又紧张，可是到了店里，竟然没有车，难道见你一面这么不容易——我朝思暮想的小7，唉，当时心情那个低落啊，后来问了问店里的小生，说是开出去试驾了，你说，来的这个不凑巧，那咋办，既然来了，也不能空手而归啊，等吧……，过了N久，当我在次出现在店门口时，那个朝思暮想，魂牵梦绕的，想的死去活来的她——金色的小7终于现身了
-1|20161102115345|577|3043|趁今天心情不错，赶工也要来上贴，分享一下喜悦
-1|20161102115345|577|3044|之前为了给车子配上个车窗压边条，折腾了不少时间，一开始找附近的美容店帮忙进个货，终不见回复
-1|20161102115345|577|3045|后来没招只能自己上网去卖，终于淘来了盼望已久的压边亮条，真是希望越大失望越大，跟店家协商也不让退货!价格还不便宜，600多RMD，产品好还说没关系
-1|20161102115345|577|3046|真是郁闷，没办法只能免强装上再说，以后再看看有没有更好的!不过每次洗车的时候要提醒一下那些工人，小心别弄伤了
-1|20161102115345|577|3047|最近又到网上看看，希望能再找找好的
-1|20161102115345|577|3048|还真给找着了，等了几天今天终于收到货，挺满意的，虽然说比不上原厂的，但做成这样子已经很不错了
-1|20161102115345|577|3049|先上传之前装的，实在不敢恭为，上车还要小心翼翼的，怕伤了，还不太合贴?到的货，从深圳发过来
-1|20161102115345|577|3050|也没有什么保护一下，就这样子包，还好没损坏产品，不过包装还真不错?把原来装的差的车窗拆下留的痕迹??还好安装师傅用心，除去了那些粘在上面的胶再安装?安装了??店家说这是升级版包边XC60专用车窗饰条，亲自用手去感受一下店家说的不伤手，还真没骗人，做的不错
-1|20161102115345|577|3051|满意，这次感觉值?各位想弄这个的细细看，做的还真不错做的还真是挺完美，找也这么久XC60车窗饰条，也就找到这个最满意的了???特别要说的就是下面这个后面小的，之前的简直不堪入目，这个做的还行，挺漂亮的?????完工
-1|20161102115345|578|3052|手豪版64000贵吗
-1|20161102115345|579|3053|昨天本来发了一贴来着
-1|20161102115345|579|3054|没找着这论坛?就在福克斯那里发了个作业贴
-1|20161102115345|579|3055|?刚来的新人对论坛不熟悉?走错了地方
-1|20161102115345|579|3056|?虽然很脏
-1|20161102115345|579|3057|配置还是不错的
-1|20161102115345|579|3058|伍佰说的：我很丑，可是我很温柔
-1|20161102115345|579|3059|?盼版主大人给个精华贴
-1|20161102115345|579|3060|下面的都是昨天上传了一个上午的照片
-1|20161102115345|579|3061|?御马汽车脚垫是在淘宝邦智车品买的
-1|20161102115345|579|3062|?www.13372.cn
-1|20161102115345|580|3063|M＆W高流量滤清器
-1|20161102115345|581|3064|如题，拉高速有啥用
-1|20161102115345|581|3065|对发动机和变速箱来说
-1|20161102115345|581|3066|新手求解
-1|20161102115345|582|3067|我的，上海、苏州、扬州、天津、北京
-1|20161102115345|582|3068|路过徐州、泰安、济南、滨州等等江苏、山东、河北的
-1|20161102115345|582|3069|野外的回头再聊?看有的哥们都开到东南亚去了，行不行
-1|20161102115345|582|3070|?
-1|20161102115345|583|3071|2011年4月2日做南充到成都和谐号动车组，走的时候老丈母说不要买那么贵的（老年人）老驾驶员了6年驾龄了
-1|20161102115345|583|3072|传说的智跑
-1|20161102115345|583|3073|在建国提车的时候还做了下，我哥哥准备买这个车车
-1|20161102115345|583|3074|在照相的时候喜鹊也来了来个2011年4月5日提车，废话不多说上传照片
-1|20161102115345|583|3075|先打下广告我是做
-1|20161102115345|584|3076|???????????????????????这两天一直在下雨，为什么我的小智的自动雨刷，怎么就是慢了半拍?一会刷的可快了?一会就是可慢了?不知道为什么???玻璃上都看不见了才刷,??去4S店??4S店不给解释
-1|20161102115345|584|3077|??我的霞光橙提了半年了?跑了两万公里??就是轮胎不给力???高速噪音太大?我的小智为什么在市区13个油呢
-1|20161102115345|584|3078|?这算不算多?，，，高手指教???自动雨刮器怎么办
-1|20161102115345|584|3079|徐州的智跑群群号182714655...........
-1|20161102115345|585|3080|几个月前纠结T5和T6还是情有可原，那个时侯t5舒适和t6舒适价格差在10万左右现在呢
-1|20161102115345|585|3081|差价已逼近6万，6万差价多的是什么
-1|20161102115345|585|3082|?（跟优惠完的t5智雅差价逼近3万）六缸3.0t世界十佳发动机全时四驱倒车影像陡坡缓降好像还有
-1|20161102115345|585|3083|我想不起来了
-1|20161102115345|585|3084|这些是代表车性能本质的东西
-1|20161102115345|585|3085|这样的价格差距和装备差距是进口车里少见的了，glk350和300价格差多大
-1|20161102115345|585|3086|x335i，28i价格差多大
-1|20161102115345|585|3087|a62.0t3.0t价格差多大
-1|20161102115345|585|3088|过去选择t5,完全可以理解
-1|20161102115345|585|3089|尤其11款的时候
-1|20161102115345|585|3090|装备差距更小，，
-1|20161102115345|585|3091|价格差距更大而我们过去选择t6的车主，付出了比现在更大的代价
-1|20161102115345|585|3092|如果现在的市场让过去买t5的朋友重新选择，我绝对相信有人会选择t6其实现在要买车的朋友你们是幸福的，价格如果再降，你们得到的是更大的实惠
-1|20161102115345|585|3093|?讨论买t5还是t6,，最好把两款车都试驾一下，放平心态，冷静一下
-1|20161102115345|585|3094|?如果你因为油耗，所以选t5....我觉得你在花40多万买车的同时，心气儿不够，按10万公里，油钱说满点，也就差2万，如果10万公里按t5朋友最爱说的只在城里跑，那你能跑很多年，10年8年，
-1|20161102115345|585|3095|2万块，摊下来算什么
-1|20161102115345|585|3096|?如果t6超预算，就差这钱，还着急要买
-1|20161102115345|585|3097|那就t5,..支持，
-1|20161102115345|585|3098|因为钱不是大风刮来的
-1|20161102115345|585|3099|买车别让钱把自己累着了
-1|20161102115345|585|3100|不急可以等等
-1|20161102115345|585|3101|?如果你不差钱，坚持认为t5够用了，买t5高配，放弃t6,...我想说太遗憾了,可惜
-1|20161102115345|585|3102|不是你遗憾，也不是别人遗憾，是xc60的遗憾
-1|20161102115345|585|3103|要知道大多数国外展示xc60性能的视频里的用车都是t6....?不仅是真心话，更是肺腑之言谁想买哪款车跟坛里的车友一毛钱关系也没有，有的朋友在特定的历史时期，选择性价比合适的t5有的朋友在特定的历史时期，付出原车价买了t6.
-1|20161102115345|585|3104|车主群里就有这样的朋友.但是现在这个点儿
-1|20161102115345|585|3105|选车的朋友还要纠结到底
-1|20161102115345|585|3106|让我们这些付出更多钱买t6的车主看着都累
-1|20161102115345|585|3107|或许内陆差价没有那么大，但是现阶段北京，天津，东部城市降价幅度大的城市不选t6，，，真的很难理解
-1|20161102115345|585|3108|?套改“看天下”杂志某情感编辑的一句话身处局内而观万方，于迷途尚算了然，遇踟蹰者可交流一二
-1|20161102115345|585|3109|然选车路不算凶险，仍难免纠结不止，诸君仍需自行上路
-1|20161102115345|585|3110|??
-1|20161102115345|586|3111|主贴修该中
-1|20161102115345|587|3112|送你一张
-1|20161102115345|588|3113|前面后面侧面轮毂
-1|20161102115345|589|3114|如题，想请教大家这两款车的轮毂是不是不一样啊?
-1|20161102115345|590|3115|本人计划买车，而且一直想上P版，但销量和口碑都证明D版最受欢迎，纠结ing.........你们觉得D版对比P版少了什么配置是最遗憾的
-1|20161102115345|591|3116|请皇亲们预测一下，上海车牌价格走势，我走运，有机会买到了上海车牌开拍以来最贵的车牌，有点伤心，有些郁闷、有有些荣幸感，感谢上海市政府，感谢***，感谢国家
-1|20161102115345|592|3118|这个摩擦声音一般在急打方向盘的情况下会发出，时而时有，请大家帮忙解决啊，先说谢了
-1|20161102115345|593|3119|沈阳有买12款K5的朋友请加入，大家一起晒晒价格
-1|20161102115345|593|3120|我今天去了ssss店，指导价减去2.5万
-1|20161102115345|593|3121|哪位朋友知道更低的价
-1|20161102115345|594|3122|???????车开了快半个月了，跑了600多一点，总体感觉不错，没什么毛病，油耗在10-11个
-1|20161102115345|594|3123|???????前些日子和新疆智跑群的朋友一起装了发动机护板和导航，用手机随便拍了几张，今天有空，整理了一下发上来~?发动机护板：冷轧钢板?，形状和原车的塑料护板一样，原位安装上架底盘左前右前前中左后右后后中群里朋友联系团购的发动机护板，感谢~先发张网购时的参考图片拆开包装：主体护翼装上后的样子和原车塑料板一模一样机油孔
-1|20161102115345|595|3124|?车灯的那个档杆有四个档分别是什么
-1|20161102115345|595|3125|最下面的是关闭，再往上的那个好像是日行灯，再晚上那个是大灯，最上面的那个显示AUTO的那个是不是自动车灯，为啥5点多别的车都没亮，我得就早早亮了
-1|20161102115345|595|3126|对了，说明书上写的后排有冰箱，我却没有找到
-1|20161102115345|595|3127|?
-1|20161102115345|596|3128|闲着无聊去淘宝搜全球鹰GX7看的玩..前后杠+踏板的卖家很多了就是没行李架
-1|20161102115345|596|3129|找了一会就是没有.随便进了一家店.阿里旺旺问了一下.说GX7的行李架有.粘贴的那种
-1|20161102115345|596|3130|（供4S与原厂一摸一样）但是还没上架.打算这几天就上架
-1|20161102115345|596|3131|正合我意哦
-1|20161102115345|596|3132|我本打算就上精英的.就是没行李架空啊.为此有点纠结呢
-1|20161102115345|596|3133|?配件都是锐博正品的+++++++
-1|20161102115345|596|3134|价格相比其它的店铺还算厚道
-1|20161102115345|596|3135|?店铺的名字是长沙新亚汽车用品MM不错!和她聊的很不错!她本人也看好吉利?不要说我做广告啊..我也是为了大家好嘛...看到坛子里的兄弟在4S加装前后杠和踏板花了3800
-1|20161102115345|596|3136|我靠
-1|20161102115345|596|3137|实际也就2500多点的样子
-1|20161102115345|596|3138|为了大家的利益有人爱说我嘛就说我嘛去吧
-1|20161102115345|596|3139|?我上图
-1|20161102115345|596|3140|?最后来张这个?
-1|20161102115345|597|3141|听听见过的人的看法
-1|20161102115345|599|3142|选了两个月的车车，几乎走遍了重庆所有的四S店，终于选了阳光
-1|20161102115345|599|3143|开始在手动与自动之间纠结，后又在车系之间纠结，想安全又想省油，结果省油占了上风，选了阳光
-1|20161102115345|599|3144|昨天去订的车，自豪，93800（裸车价）（3000元节能补贴已扣除），送贴膜，传说很差，不保质，提车时准备加几百块钱换好一点的膜，送挡泥板等小东东，想叫送个倒车雷达，没开得了口，不知道买得贵不
-1|20161102115345|600|3145|如题~~~~
-1|20161102115345|601|3146|我的跑到80转速要在2600上这样正常吗
-1|20161102115345|602|3147|今天星期6，由于几天的下雨天，赶回家一路的泥泞，车停靠在路边与别的车在一起现得实在太脏了
-1|20161102115345|602|3148|因此，打算回家自己去洗，先看下洗澡装备，很简单，就一把水枪一个桶，一把拖把，一块洗车专用的毛巾小三的专用房看，有多脏````来个侧面```````马上准备开洗，已洗好，正在用毛巾擦身呢再来个小三最帅的侧面
-1|20161102115345|602|3149|终于搞定``回家泡壶茶慰劳下自己
-1|20161102115345|603|3150|锐骐柴油QD32T两驱皮卡有安两驱后桥差速锁的没有
-1|20161102115345|603|3151|有的话告诉一下，哥们也按一个呵呵呵?
-1|20161102115345|604|3152|我油耗奇高啊我承认我是新手平时不总开就歇班送个对象回家什么的半年了开了2000多才2200做的首保因为半年了做完了加了200元油7.52一个?26个左右等报表一算油耗12.67?我晕啊首保之前还9.8呢十个以内在我这磨合没过的车还可以接受?13的将近了实在受不了了?哎拉了机油尺看见机油在第二点上面了是不是这个原因?还有多少公里拉高速呢
-1|20161102115345|605|3153|?感谢各位XDJM的支持，感谢版主和编辑首页推荐，留个纪念??????在论坛学习了这么久，终于在前两天LD生日那天提了新车，2012款古铜色T6RD，也算是LD的生日礼物啦
-1|20161102115345|605|3154|本以为我会是坛子里第一辆2012款T6RD古铜色，虽然大街上包括坛子里古铜色的车确实很多，但据我观察的这段时间，MS还真没有这款古铜色的（可能有的TX比我要早，但在坛子里好像还真没看见，不好意思）
-1|20161102115345|605|3155|前两天发现坛子里好像有个四川的朋友晒了一张和我同款同色的照片，破灭了我这个“第一”的梦想，哈哈
-1|20161102115345|605|3156|???????选车订车的经历我在前面的帖子里已经详细的进行了描述，再此不再废话啦
-1|20161102115345|605|3157|新车提到后马上利用这个周末为窝窝装扮一下，周六下午贴膜+全车镀晶膜，一直干到半夜，师傅们还是挺负责的，连续奋战九个多小时
-1|20161102115345|605|3158|车窗贴膜是威固的，虽然后门和后备箱全是深色玻璃，但是这次也全贴了，为的就是夏天别晒着，哈哈
-1|20161102115345|605|3159|车身镀晶膜好像是什么白金的，忘了
-1|20161102115345|605|3160|今天一早起来又去给窝窝做了个底盘装甲，店里的师傅说XC60不用做，结果LD说用不用我都做，因为原来家里的俩车底盘全都被折磨的不怎么好了，所以这次下定决心要做好精心的保护
-1|20161102115345|605|3161|昨晚上装饰完了后迎着大雪回来的，刚镀完晶膜的身上又全是泥了，本来老板说今天送我们一次精洗，但是今天又做了底盘装甲所以就没办法洗车了
-1|20161102115345|605|3162|回来先凑合自己擦擦，下周再去发动机、轮毂镀膜和装胎压监测，所以留着下周在去一起精洗，本次装饰威固前挡V70+威固车窗V40+车身镀晶膜+底盘装甲=1W大米
-1|20161102115345|605|3163|???????北京不知道是怎么了，这都三月中下旬了，连集中供暖都停了，竟然还下这么大的雪，难道真是“三月飞雪岂能无冤”谁这么大冤情啊
-1|20161102115345|605|3164|哈哈
-1|20161102115345|605|3165|各位辛苦啦，下面图片多多，请慢慢欣赏
-1|20161102115345|605|3166|另烦请版主认证啊
-1|20161102115345|605|3167|?早起的雪景还挺美的先来张中网大标正面前脸“霸气”?“霸气侧露”?性感的“大屁股”?尾部侧面?尾部护板及尾喉?尾部标识及倒车影像炯神大眼和身体不一样颜色的“耳朵”行人探测、大灯清洗、前雷达及雾灯位置格栅，可惜木有雾灯天线接收器、尾部扰流板及城市安全系统20寸滴大脚盲点辅助探头及后视镜下的引导灯?侧后上方来一张展翅翱翔啦前后加两侧，后备箱的柚子皮是因为怕后备箱垫味儿大强劲动力的保证发动机舱隔音及液压杆??方向盘、仪表盘及显示屏开机画面车内盲点辅助?驾驶员侧遥控玻璃、儿童安全控制及双拼内饰门板，因为昨天刚贴完膜所以贴着东西呢无钥匙启动、自适应巡航、音量控制及距离感应提示（在汽配城又缝了个方向盘皮套，怕戒指把原车的刮烂了，原来的车就被刮烂了，嘿嘿）?RD版三幅方向盘?灯光控制及手刹、信息控制拨杆（远光调节）、雨刷器拨杆、自动防炫目后视镜+指南针?天窗控制安全带提示及天窗（确实感觉有些小，不过够用啦）倒车影像、防盗警示?中控悬浮面板（还是拉丝的?哈哈）、变速箱?扶手箱、水杯架、钥匙?儿童座椅安全卡口、后排立柱风口、前排手抠、腰部支撑、拉手及
-1|20161102115345|605|3168|不知道干嘛的车内灯光车外灯光，犀利的大灯，性感的尾灯，结合完美的腰线
-1|20161102115345|605|3169|漂亮后备箱多种组合空间、双拼颜色座椅，以及老婆买的平安挂坠
-1|20161102115345|605|3170|?走喽~~~~向幸福前进
-1|20161102115345|605|3171|认证认证~~?谢谢各位辛苦的看完，希望大家以后多多交流，多多组织活动，论坛越办越好~~~~~
-1|20161102115345|606|3172|北京S.A.M车队这次又带着好消息归来了，经历了半年多，我们几次大大小小的活动之后，我们的成员越来越多
-1|20161102115345|606|3173|首先，很高兴认识这些好朋友们，每次一起开心自驾游，吃吃喝喝的场面都历历在目
-1|20161102115345|606|3174|我们第一次活动，车队名称的正式发布，车标的定稿
-1|20161102115345|606|3175|第一次大家集合贴标等等
-1|20161102115345|606|3176|我们的宗旨是不论我们车队的什么相关产品，首先要质量好，高品质
-1|20161102115345|606|3177|所以我们任何一件产品都是经过好几家对比，管理员开会比较才能最终选定的
-1|20161102115345|606|3178|现在，在会长和各位管理的辛苦努力下，车队铁牌还有队服正式出炉了
-1|20161102115345|606|3179|开始接受各位预定，第一批的截止日期到2012年4月5日
-1|20161102115345|606|3180|想找到我们的车队产品方法：淘宝搜索“萨姆车队”首先介绍一下衣服原衣选用：VANCL经典短袖圆领素色T恤面料成分：100%棉制作工艺：丝网印颜色选择：黑（银色会标）?????????白（金色会标）上图片了哦~~~下面是模特图片~哈哈?队服有黑色白色两种，具体尺码在链接里面，大家可以自己打开看哦~~?车队铁牌介绍我的车队铁牌有别于一般铁牌，一般的车队铁牌厚度只有1.5MM左右，我们选用3MM的原因是铁牌难免涉及到拆卸，厚度有保证，铁牌的寿命就会有保证
-1|20161102115345|606|3181|铁牌号码跟车标号码统一
-1|20161102115345|606|3182|材质：3mm厚铝板倒圆角图案工艺：热压反光膜最后是车标车标是每位车队成员的最重要标识，车标有唯一编号，也是车队成员重要编号
-1|20161102115345|606|3183|每位成员加入车友会之后请先申请编号，然后购买车标
-1|20161102115345|606|3184|??
-1|20161102115345|607|3185|本来小弟想买H6的但是老婆大人看了K5坚决不换了说哪怕在存点带点款也要K5，在K5坛子里看了说个个地方都优惠2-3W大米有的还多，不知道南京这怎么样啊，有南京的大侠说说优惠幅度不，要是优惠的多就不换目标了~
-1|20161102115345|607|3186|还有想问下GLS与DLX最大的区别是什么啊，还有有的大侠们你们用的油耗有多少的谢谢指教拉~
-1|20161102115345|608|3187|最近才发出的异响，不踩刹车有时都响，就坐前轮，4S说刹车片问题，让我换陶瓷的，我没换，如果是片的问题，踩刹车后接触盘才会响，不踩刹车怎么会想呢，
-1|20161102115345|609|3188|低速行驶时驾驶仓内有“哄哄声”共震声的去换机脚胶吧
-1|20161102115345|609|3189|事实证明是这东西的问题
-1|20161102115345|609|3190|昨在4S通知机脚胶到货了今天去换了
-1|20161102115345|609|3192|现在换了，世界安静了
-1|20161102115345|609|3193|我是2010年11月的车，由于看到厂家延长保期，所以这东西是三包产品
-1|20161102115345|609|3194|免费
-1|20161102115345|609|3195|有同样经历的车友，快去检查
-1|20161102115345|609|3196|换了，别错过了保期，要自费了
-1|20161102115345|609|3197|还换了雨刮片，现在雨刮不响了
-1|20161102115345|609|3198|方向盘也不抖了
-1|20161102115345|611|3200|来张雪中小三，被斯柯达明锐包围中
-1|20161102115345|611|3201|在江南可没见过这个，来张特写，哈哈雪化的好快
-1|20161102115345|611|3202|?
-1|20161102115345|612|3203|今儿咱终于也跨入有车一族了，呵呵银白手豪，64500提车，送vps加三年盗抢险，咋样
-1|20161102115345|612|3204|没有提到白色的，有点小遗憾
-1|20161102115345|613|3205|今天车放外面有6个多小时有零下十多度吧不知为什么打火的时候会有哧的一声已经出现过好几次但车子热了之后在打火就没哧的一声郁闷啊?不只到有没有TX碰到过这种情况啊
-1|20161102115345|614|3206|先辈们，请教了，你认为现代35车最给力和最不给力的地方在哪
-1|20161102115345|615|3207|我要找组织，我3.16提车，2.0自动，车在4S装饰
-1|20161102115345|616|3208|咨询下银色阳光不知道哪里刮擦，右前方有两道划痕漏底漆，自己没有买划痕险
-1|20161102115345|616|3209|如何维修，多少钱啊
-1|20161102115345|617|3210|????昨天天气格外晴好，气温陡升到24度
-1|20161102115345|617|3211|户外阳光明媚，百花竞相开放，是郊游的好时节，于是我开上心爱的DD，没有目标，也没有目的地，就沿着公路慢慢晃荡，坐在DD里打望春天的景色那感觉真是爽啊
-1|20161102115345|617|3212|路上不忘给DD拍照片，回家后想总要有点创新塞，于是打开图片处理器，对DD的照片进行编辑处理，嘿嘿，看图：??原装DD?加个相框????反转片?看着就是帅啊
-1|20161102115345|617|3213|热传感影像???花丛中的DD---有点老照片的感觉哈?换种影调???素描中的DD???黑白照----永远的经典????DD被我好一阵折腾，默默无语
-1|20161102115345|617|3214|但却能从另一种角度感受DD的美
-1|20161102115345|617|3215|你们觉得呢
-1|20161102115345|618|3216|出现过2次，加油无力的情况，感觉好像是刹车把轮子拖住了一样，深踩油门才有那么一点用
-1|20161102115345|618|3217|我仔细看了，手刹什么都没拉，一切都正常，就是感觉加油无力，不知道是不是加的油品问题
-1|20161102115345|618|3218|安徽地区的
-1|20161102115345|619|3219|求解这个问题有没有大致配置单
-1|20161102115345|619|3220|我只想知道配置单我明天去4S了不知道配置单不知道该定哪个型号
-1|20161102115345|620|3221|一直做着生完小孩买车的准备，LP不喜欢三厢车，所以一直在两厢和SUV之中选择
-1|20161102115345|620|3222|自从有一次知道有个熟人是三菱4S店的老板后就开始关注三菱劲炫
-1|20161102115345|620|3223|2月，我们崽满月了，LP可以出门了，就直奔4S店订车
-1|20161102115345|620|3224|又不想等上2个月再拿车，所以当天就直接提了现车回家
-1|20161102115345|620|3225|用了1个月，基本LP没开，我又在外地，所以只跑了400公里
-1|20161102115345|620|3226|多的不说了上图
-1|20161102115345|620|3227|今天上的牌照
-1|20161102115345|620|3228|洗车的时候拍的正面
-1|20161102115345|620|3229|屁股，加了保险杠
-1|20161102115345|620|3230|门把手、油箱盖、侧踏
-1|20161102115345|620|3231|韩国红酒套
-1|20161102115345|620|3232|网购
-1|20161102115345|620|3233|4S店加装的导航
-1|20161102115345|620|3234|网购的一些小玩意
-1|20161102115345|620|3235|都不贵，个人感觉放的东西太多了
-1|20161102115345|620|3236|加装的铁将军胎压监测
-1|20161102115345|620|3237|遥控按钮忘记拍了，和很多车主一样在其他车系插钥匙位置
-1|20161102115345|620|3238|今天在车库拍的比较仓促，有些位置没拍
-1|20161102115345|620|3239|最后送大家一张我崽的照片和当天提车的照片
-1|20161102115345|620|3240|昨天做了4门隔音换了音响、功放
-1|20161102115345|620|3241|没加低音炮
-1|20161102115345|620|3242|给我崽买了个安全座椅一起奉上
-1|20161102115345|620|3243|音响修改的是长沙比较有名的，他们自己还有论坛，我的车改完后他们直接当做案例放论坛了
-1|20161102115345|620|3244|哈哈，方便我直接粘贴过来
-1|20161102115345|620|3245|静霸喇叭：欧迪臣AFS1后场喇叭：赫兹ECX165功放：??弗莱德AF4拍张原车门吧
-1|20161102115345|620|3246|呵呵
-1|20161102115345|620|3247|拆卸原车门只有一层防水胶袋，所以4门隔音我还是选择都做了隔音分为两屋：第一层是在门板内部
-1|20161102115345|620|3248|主要是降低门板的共振，降低噪声，以条状贴目的有两个，一个是条状贴可以打散共振点，降低噪音
-1|20161102115345|620|3249|第二是节省用料哦
-1|20161102115345|620|3250|外层贴整版；这样可以更好的密封好门板缝隙跟孔，起到更好的隔音效果看看新上市的欧迪臣AFS1，价格经济实惠，中音饱满，综合性非常强的一款2分频套装，适合人生，流行，乐器等
-1|20161102115345|620|3251|欧迪臣AFS1，高音特写原车有高音位，所以安装好了，特别美观分频器专门设计的AFS1和AFS2的2路套装设计的分频器，提供了特定的控制，以达到最佳的平衡，根据自己的口味来调整合适的频响范围
-1|20161102115345|620|3252|ECX165二路同轴类型(ITEM)：二路同轴直径(D)：165mm功率(RMS)：140W灵敏度(SPL)：91dBMylar振膜和超强钕磁自如控制音圈的高音音质透明、清澈数学原理结构的高音面板可得到广阔的偏轴响应高音内部磁液冷却技术有效散热和控制阻尼平滑的偏轴响应，上佳的线性，音色准确是同轴系列的共同特点功放:弗莱德AF4型号：AF4四声道功率：4x70W(4Ω)信噪比：80dB失真率：0.04%频响范围：10-40K??Hz为追求完美音质和强劲功率而产生的精品功放
-1|20161102115345|620|3253|高效散热外壳、创新的调控功能，实现了性能稳定、大功率输出的杰出特征，是同类产品中性价比颇高的系列功放
-1|20161102115345|620|3254|师傅正在将功放弗莱德AF4放在副驾驶下面，这样安装不占车内空间，呵呵
-1|20161102115345|620|3255|IPHONE自拍
-1|20161102115345|621|3256|智者乐山-智跑者乐水欢迎加入乐山智跑QQ群——221928834
-1|20161102115345|622|3257|锐界加油有推背感吗
-1|20161102115345|623|3258|小弟赣州龙南的，潜水很久了
-1|20161102115345|623|3259|因米不多
-1|20161102115345|623|3260|所以想号召五一前后想入手C30的朋友一起去砍价
-1|20161102115345|623|3261|同时希望各位前辈指教
-1|20161102115345|623|3262|小弟感激不尽
-1|20161102115345|624|3263|先挂4档再挂，退出再挂倒档，从不响齿轮，若还不好挂，先一档再退至空档，再挂倒档
-1|20161102115345|625|3264|我就开着金刚从菏泽曹县去过沈阳的抚顺，回来近了150公里，到郓城，来回2600多公里吧
-1|20161102115345|626|3265|周末本来是准备去看看车的，结果直接把车子给定了，全程一个小时，自动豪华版全包108000，送的都是常规的东西，价格怎么样啊，各位老鸟
-1|20161102115345|626|3266|还有提车后磨合期有没有什么需要注意的
-1|20161102115345|626|3267|等车子提回来上作业哈
-1|20161102115345|628|3268|一汽奔腾B50行驶颠簸路段jianzhen减震严重异响品牌：一汽奔腾车系：奔腾B50车型：奔腾B501.6MT天窗版2011款经销商名称：沈阳会华一汽奔腾B50，2011款手动尊贵型行驶颠簸路段减震严重异响，购车后每次车过颠簸路特别是不太平整的水泥路四个减震有“咣当咣当”的响声，打电话给4S店后他们声称11款都这样不予解决，从B50论坛中与各位B50买家探讨，得知2011款B50都存在这种问题，并一致认为此问题为减震质量所致，其他车型没有明显的异响，请求一汽厂家将减震召回，并严格生产流程，保证国产品牌品质，树立良好口碑
-1|20161102115345|628|3269|…
-1|20161102115345|629|3270|??确认21012DLX1的后座通风无法加装，另外车主们帮忙确认下，车轮上方是否有隔音棉，我今天忘记看了
-1|20161102115345|629|3271|K5的升窗器有谁装过吗
-1|20161102115345|629|3272|高配方向盘在上海有哪家店可以安装
-1|20161102115345|629|3273|自己不太有信心啊
-1|20161102115345|630|3274|强烈要求长城换车标啊
-1|20161102115345|630|3275|一直喜欢长城，因为万里长城是中国的标志，所以希望长城汽车也能做成中国的标志
-1|20161102115345|630|3276|喜欢长城以前的标志，不喜欢现在这种，看上去的第一感觉就很别扭，有人说像墓碑，心里更觉得不爽了
-1|20161102115345|630|3277|有跟长城汽车管理层、设计层有关系的帮转达一下吧，强烈要求改变
-1|20161102115345|631|3278|???提车十个月了，一直没有用到自动刹车（也没敢试一次），甚至怀疑过这东西是否好用
-1|20161102115345|631|3279|昨天天气不好，下着小雨，在上海路上一个小桥上突然前面车刹车（可能是新手），等自己反应踩刹车时感觉小沃嘎然停住，再一看—“CitySafety”启动，避免一次追尾
-1|20161102115345|631|3280|好东西啊
-1|20161102115345|632|3281|求照片，X1和车主的合照，这样能直观的感受下X1到底多大
-1|20161102115345|633|3282|汽车经常需要洗车打蜡封釉镀膜什么的，大家知道有什么好点的品牌店
-1|20161102115345|633|3283|另外大家有没有去过龟博士、车迷店
-1|20161102115345|634|3284|车跑了快5000KM了，发动机动静比以前大了，冷车2档松离合异响，2000转挂3档，车打哏，水温上来就好了，但是车动静依然大，是小三的通病还是出毛病了
-1|20161102115345|634|3285|帮着看看
-1|20161102115345|635|3286|哪个配置的性价比能好点呢
-1|20161102115345|635|3287|这个车子怎么样
-1|20161102115345|635|3288|质量如何
-1|20161102115345|635|3289|以前一直听人说韩国车异响多是不是这样呢
-1|20161102115345|636|3290|???2011年1月份车，开了一年，总起来不是很费油，考虑每天要跑100多里地，狠狠心，终于该了天然气，第一次加气，加20元的，跑了150里左右吧不多说了，直接上图，手机偷拍的，不是很清楚，将就点吧，有闹不清一会看到后解答
-1|20161102115345|636|3291|??????????????没安装气罐前的后备箱，空间挺大的，加气装置安装中
-1|20161102115345|636|3292|打眼，固定减压阀
-1|20161102115345|636|3293|忙碌中
-1|20161102115345|636|3294|又打眼
-1|20161102115345|636|3295|装备安装电脑
-1|20161102115345|636|3296|安装在发动机上，温度上来的快，看到进气的孔了吗，铜质的，4个，一会要接上管
-1|20161102115345|636|3297|控制电脑
-1|20161102115345|636|3298|减压阀安装
-1|20161102115345|636|3299|电脑接线中
-1|20161102115345|636|3300|安装好进气装置，接好了进气管子
-1|20161102115345|636|3301|忘记拍气罐了，70加粗的，很有重量的，不断的打眼，心疼啊
-1|20161102115345|636|3302|还好，总算完成了
-1|20161102115345|637|3303|江淮SUVSII曝光山寨现代ix35北京车展亮相江淮曾在两年前有一款代号为BSUV的新车曝光，而去年该车进一步曝光了效果图，并且新车编号为SII
-1|20161102115345|637|3304|日前，网上再次传出了这款SII实拍图，预计该车将会在北京车展上正式亮相
-1|20161102115345|637|3305|江淮全新SUVSII实车曝光现代iX35新车编号为SII，应该是BSUV在进行设计修改之后的第二个方案，与早期的效果图相比，SII在细节上有了一些小调整
-1|20161102115345|637|3306|新造型的整体风格更接近于iX35
-1|20161102115345|637|3307|根据早期的信息来源显示，这款SII全新SUV应该会与和悦系列共享平台，而作为一台SUV车型，其底盘将会做出适当调整并提高离地间隙
-1|20161102115345|637|3308|不过目前这一信息并没有官方证明，仍属于猜测阶段
-1|20161102115345|637|3309|之前曝光的江淮BSUV效果图???
-1|20161102115345|638|3310|今天定了ix35精英版，不带导航的，想装个DVD加导航，功能多一些的或什么电脑功能的，不知选哪一种，哥们有什么好介绍的，有劳了，推荐一下好吗
-1|20161102115345|639|3311|如题
-1|20161102115345|640|3312|我的是自动豪华版，但是用钥匙hold那个按钮，怎么不会自动弹开
-1|20161102115345|640|3313|最开始试过有一次可以，但是也是反映很慢的，现在怎么按都不行了
-1|20161102115345|640|3314|你们也有这个现象吗
-1|20161102115345|641|3315|小弟在论坛中潜水已久大概半年了，耐不住K5的诱惑
-1|20161102115345|641|3316|在此需求各位大侠给予明确指导，起亚k5乞丐版下地价格大概需要多少米
-1|20161102115345|641|3317|可以优惠到3万吗
-1|20161102115345|641|3318|?那个地区优惠观要好一点
-1|20161102115345|641|3319|小弟大米不多，但忠诚与k5很久了，求各位大侠指点以及诠释起亚k5乞丐版下地价格大概需要多少rmb
-1|20161102115345|641|3320|????请各位大侠不要喷我，小弟初次发帖询问，望清楚的大侠给予回复，小弟先谢谢了
-1|20161102115345|642|3321|在发动机左面这个东西是干什么的，大家有没有和我一样渗油啊
-1|20161102115345|642|3322|急
-1|20161102115345|643|3323|前几天?上坡是时候?感觉有点焦糊味?上坡之后下来打开盖子闻了下??有那么点味道?可是发现不了是哪里的问题??打开车门透气?一会没有味道了?现在又开了1星期了吧??一直没有那个味了??各位大侠?这是什么毛病呢?
-1|20161102115345|644|3324|本人172CM，今天坐了一下C30，坐在正驾驶并没有感觉到方向盘遮挡仪表盘，后排地板是平的，腿部空间很充裕，但头部空间很紧张，尤其是坐到后排中间位置，稍微直点身子头就要碰到车顶，总感觉后排座椅较高，而且座椅都比较硬，不太舒服，新车味道很大，其它内饰还可以
-1|20161102115345|645|3325|K5郑州车价多少
-1|20161102115345|645|3326|有优惠吗
-1|20161102115345|646|3327|??????????????本人是河南郑州的，想在五一假期开车自驾游呢，具体地点未知，看看有河南地区的其他车友一起组团吗
-1|20161102115345|646|3328|?????????????
-1|20161102115345|647|3329|??????本人12款T6舒适，目前跑了19000KM多了，前段时间出差，往返1600KM,高速上基本120-130，出差期间一共加了三次油，汽车之家油耗计算结果分别为10.51，10.83和10.35，回来到现在跑完三厢油后，发现油耗分别为11.45，11.39和11.50，比出差之前12.3左右的油耗下降近1L，（油耗详见http://i.autohome.com.cn/oilList_1_133079.html?brandid=70&SeriesSpecId=585*10507）路况基本一样，还是那个开法，油耗下降很满意
-1|20161102115345|647|3330|是不是多跑跑高速能降油耗呢，呵呵
-1|20161102115345|648|3331|K5珍珠白有必要打蜡吗，买了3个月买打过一次蜡，要是打的话求各位大神推荐一款
-1|20161102115345|648|3332|谢谢
-1|20161102115345|649|3333|强力要求长城公司免费为西门子ECU车主更换世博的ECU,为什么我们花一样的钱，买的东西确是不同的东西呢，望各位西门子车主顶起来?
-1|20161102115345|650|3334|都第三次了，10年底买的车，近一个月，停放2-3天后启动车，踩刹车时刹车灯不亮，不能启动，按下档位（p）右边的按钮后，把档位放到空挡，反复几次后，可以着车，各位大侠，你们有这种情况吗
-1|20161102115345|651|3335|又是一个阴雨连绵天
-1|20161102115345|652|3336|这是刚把轮眉拆掉拍的照
-1|20161102115345|652|3337|猪宝刺激我的??下着蛮大的雨啊
-1|20161102115345|652|3338|??自己小区??这是刚换18寸轮毂时拍的啊??轮胎是邓禄普DZ101?225/45/18的??这是驱车到江西回来的高速服务区，为了实现那一句诺言
-1|20161102115345|652|3339|?改的一键启动
-1|20161102115345|652|3340|不贵，无钥匙进入、带自动升窗功能、一共才不到2Q?花6Q装的卡仕达导航?发动机舱，干净吧
-1|20161102115345|652|3341|右下角是一键启动带过来的报警喇叭
-1|20161102115345|652|3342|??前中网换了，看腻了，不如LOGO在网中间的那款漂亮
-1|20161102115345|652|3343|????12代皇冠车从06年3月买入，至今快6年了，公里数136700了，2年内都在宁波龙华保养，质保期后就基本没去4S店了，下午刚去一家规模不大的汽车服务点换了机油，想想应该向车友们汇报一下用车情况
-1|20161102115345|652|3344|??质保期内召回了方向机，一个排气管消音器总成，换过一个刹车分泵，防水套不好，致使分泵浮动肖修死，出保后召回刹车分泵又换了一个，45000公里时换了18寸轮毂，先是都用邓禄普DZ101--225/45/18,后来后轮又用过245/40/18,现在是前245/40/18,后面是245/45/18,期间加装卡仕达导航系统，95000公里时，淘宝买了3.0套件，在本地一家修理厂改装，由于油底壳密封胶没粘好渗机油，2次回厂解决了，换过一个电瓶，120000公里时加装一键启动，刹车片都是淘宝上买的自己换，价格都是450元的样子，前阵子找4S的朋友把电脑板也换成3.0的，哈哈，花了点小钱
-1|20161102115345|652|3345|换过一个前挡玻璃，是被前车轮胎里飞出的石子飞的
-1|20161102115345|652|3346|印象中只换过大的平衡杆胶套，自己还有一个网上买的一个小的，等坏了再换!??改装3.0时换了水泵，改装后第二次换机油里程为14300公里，现在控制在10000公里换机油
-1|20161102115345|652|3347|也许轮胎换的太宽，油耗高速120公里，基本油耗在8-8.5，一路上120-170开的爽的话要达到10个油了，城郊结合的油耗一般在9-11了，长期市区会超出13的，这要看自己的脚来控制了
-1|20161102115345|652|3348|??市区多跑跑，平均油耗就上来了啊
-1|20161102115345|652|3349|??这是高速公路100公里定速巡航的平均油耗???后轮啊，是245/45/18的???前轮是245/40/18的哦???看到这标记了吗
-1|20161102115345|652|3350|是缺气轮胎（俗称防爆胎）???最早配的倒车雷达，没用了
-1|20161102115345|652|3352|估计夏天给晒爆的
-1|20161102115345|652|3353|??这是小区门岗的蓝牙接收器探头
-1|20161102115345|653|3354|一个朋友介绍的阳光，关注下还是可以的，想买自豪版，可是米实在不多，4S报价优惠3000+节能补贴3000，送全垃圾，不知道各位大虾门都什么价位啊
-1|20161102115345|653|3355|还有阳光好像要装发动机护板和底盘装甲吧（据说能防锈），导航和倒车影像是必装的，这样下来就要快12W了，米少啊
-1|20161102115345|653|3356|另请问：合肥有组织团购的吗
-1|20161102115345|653|3357|本人准备今年买车
-1|20161102115345|654|3358|那位朋友是XC60，我想知道这个车的质量到底如何，网上的评论不怎么样是真的假的?
-1|20161102115345|655|3359|本人半个月后提车，心情相当的激动、澎湃
-1|20161102115345|655|3360|请教各位TX，我开习惯了手动档，在行车过程中，踩脚刹会不会有反映啊
-1|20161102115345|655|3361|万一我跑高速的时候，把脚刹当离合器踩了，那不玩完了
-1|20161102115345|655|3362|车子是黑内饰，有没有什么好的脚垫、座套及饰品呢
-1|20161102115345|655|3363|发几张图片看看效果了，，，万分感激
-1|20161102115345|656|3364|谢谢各位车友门
-1|20161102115345|656|3365|有谁知道这上面的银色装饰条在哪买
-1|20161102115345|656|3366|因为换导航的时候，被这里的混蛋师傅锹得很难堪，所以想买了遮掉
-1|20161102115345|656|3367|有谁知道请个个连接
-1|20161102115345|657|3368|哎，都不知道该说什么好了
-1|20161102115345|657|3370|无语
-1|20161102115345|657|3371|最后发一张老婆生气的照片，还有一张4S店的老车
-1|20161102115345|657|3372|在给大家发一些我的小I照片
-1|20161102115345|657|3373|这是对方的车前叶子板，前轮眉蹭成这样
-1|20161102115345|657|3374|后面轮眉也蹭了我的车被蹭成这样
-1|20161102115345|657|3375|看看我加的中网正面镀铬雨搭保险定损模拟现场拍摄
-1|20161102115345|657|3376|他的比我的严重啊
-1|20161102115345|657|3377|上次撞的是这雾灯那里
-1|20161102115345|657|3378|刚修好1个月纪念一下6000KM昨天刚跑到6000KM这个导航800元不知道值不值
-1|20161102115345|657|3379|这是去对方4S店看到的老爷车
-1|20161102115345|657|3380|被撞了
-1|20161102115345|657|3381|老婆生气了
-1|20161102115345|658|3382|开始传染了
-1|20161102115345|659|3383|昨天喝酒醉了,但今天还是没忘记去4S看看我们的X1,选择今天去的原因很简单,就是被忽悠了,销售啊销售!!!!!谈谈感受吧,今天看了18豪华和20豪华,试驾车型是20豪华1:电子档?毋庸置疑手感真不错,加上8AT速度起来以后顿挫感基本没有很小,提速也没有推头的感觉2:整车比进口版本的大了一点点,但只是听销售说,肉眼看不出来3:由于试驾的是四驱,今天下点小雨也没有在意,宝马就是宝马啊高速过弯信心十足,地盘的回馈给你清晰的感受是TA和TA不能比的,(私人感受)悦耳的咆哮声一定满足你的欲望在介绍一下朋友们都关心的18时尚问题吧,确实手动空调,无大屏,具准确消息说,织布座椅和1系的座椅差不多,我看了一下,手感相当好,座椅两边是皮的,中间绒布,个人觉得织布比真皮的好看(看的1系的)好了废话说了这么多,只是给喜欢X1的朋友一点自己的感受注:决不是托,骗人死全家???
-1|20161102115345|660|3385|说说你们的怎么样
-1|20161102115345|660|3387|狗R的风行领导
-1|20161102115345|661|3388|...我刚学出本子来--看这个车挺好看的...今天去润华嘛去看了看碰上个白痴的导购不问不说话--看了看才发现这个车里面小了点吧...手动标准的也没天窗俺男人说太憋屈得要有窗户的就得是自动的标配我不会开自动的00挺喜欢的车又跑了那么远去看了又碰上个傻X看了车里面又不大合心意了大家给点意见这个车怎么样??自动标配的还什么优惠都没的有还不给保养...花这个钱值吗
-1|20161102115345|662|3389|5555555555555555555
-1|20161102115345|663|3390|XXXOOOXXXXXXOOOXXX
-1|20161102115345|664|3391|那位高手教教我c30的瞬时油耗表如何读?
-1|20161102115345|664|3392|准确吗
-1|20161102115345|664|3393|?谢谢
-1|20161102115345|665|3394|"当担技术指导和咨询的顾问,我已联系的差不多顾问嘉宾人数有六七位,都是版区里的熟悉面孔""技术讨论帖""长期置顶,分两帖开帖目的,一是把喜欢技术讨论的朋友集中起来;二是为碰到困难的车友提供参考意见内容不论对错,大家积极参与最重要?也为把皇冠论坛的人气再提高一个台阶,我们几为版主商议向全社区征集车辆技术帖,任何车型和技术,欢迎你们来分享我们鼓励原创,包括注明出处的转帖,依据内容和人气加分和精华恭侯皇冠车友和其他车友鼎力支持......"
-1|20161102115345|666|3395|介绍下我的小皇冠吧：2005年买的车不知不觉也开了7年了~买的是黑外黑内3.0排量
-1|20161102115345|666|3396|（修改下上次说了06年买的车开了6年~原来是我数学不过关~车友们不好意思
-1|20161102115345|666|3397|今天查违章看回行驶证原来是05年7月份注册的~车友们不好意思犯了点小错误）先来说说感受吧：小皇冠跟着我也有个7年了~一只以来都感谢它对我的付出
-1|20161102115345|666|3398|但我对它也付出了一切的关怀
-1|20161102115345|666|3399|无论是保养
-1|20161102115345|666|3400|用车都是对它无微不至
-1|20161102115345|666|3401|自己都感觉对情人都没对车这么好呢~.除了大灯感觉不怎么亮以外觉得其他还是很好的
-1|20161102115345|666|3402|当初为什么选择了它：或许是因为它的大气
-1|20161102115345|666|3403|稳重而且油耗不高
-1|20161102115345|666|3404|小问题不多吧~很多车主都问我开了这么多年的车了怎么还保养得这么好呢：也许是爱惜车子吧~每个星期总得洗洗车子
-1|20161102115345|666|3405|找的还要是腊水洗不是腊水洗车我还不干呢~每个月打打腊~说了外观保养现在说说机械内部的常规保养吧~车子每开到5000-6000公里就屁颠屁颠的早早跑去SSSS点登记保养~但是保养一次真的好贵啊~都是4位数的~但是最近经常帮我保养得师傅现在跑出去单干了~我也跟着跳出了SSSS店的保养~好了大家可能看烦了文字了吧~现在开始上图了哦先来正面大脸在继续来多张大脸来张角度的远点的角度.大脸皇冠标志原装大灯~想去改天使眼了~用了这个多年感觉亮度不行了雾灯门把手
-1|20161102115345|666|3406|智能钥匙的哦来张油耗的吧（相信大家都很想知道的）智能钥匙（按得皮都破了）一键启动~好爽的呢方向盘左侧按键~上到下音响大小声
-1|20161102115345|666|3407|调台.歌曲
-1|20161102115345|666|3408|功能种类方向盘右侧按键~上到下挂电话
-1|20161102115345|666|3409|打电话
-1|20161102115345|666|3410|仪表盘数据定速巡航（基本没怎么用过的）左侧各功能按键
-1|20161102115345|666|3411|倒后镜调位
-1|20161102115345|666|3412|倒后镜开合
-1|20161102115345|666|3413|大灯清洗.最后个调灯光的吧（我也不太清楚）哈哈驾驶舱按键~上到下开锁窗
-1|20161102115345|666|3414|开锁门.四个窗开关（都是一键的哦）中控空调左侧空调中控导航中控下半部分手刹驾驶位再来驾驶位+中控导航：开机画面看到会背了：注意事项
-1|20161102115345|666|3415|副驾驶位前的“保险箱”副驾驶位按键驾驶舱全图后排在来多张后排加装了电视POWER一上车就会手痒的按下去向下按就是雪地模式（听说很多车主都不知道挂档后面这几个键是干嘛的哦牵引力控制系统
-1|20161102115345|666|3416|解释下什么意思：在湿滑路面起步时，由于起步输出力矩较大，车轮易于发生打滑，难以起步同时易于发生左右摇摆
-1|20161102115345|666|3417|TRC能够对发生打滑的驱动轮施加一定的制动力，避免车辆在起步或急加速时发生侧滑或跑偏的风险
-1|20161102115345|666|3418|反盗神器
-1|20161102115345|666|3419|赛格车圣挂档部位换了个13代个轮毂17寸的哦应该会有人问性感的大PP去哪里了
-1|20161102115345|666|3420|现在马上为大家放出性感又可爱的PP再来PP一侧尾灯啊尾灯倒车摄像头~黑黑的排气管来多张远远的观望最近眼界都不大好~老是自己去那小皇冠撞得浑身伤痕累累~而且还没有喷漆先来第一个撞石墩的吧~再来张倒车出事的好了说的也差不多了~可能还有些图没照到~这几天能我会尽量照回来不上去的~更新未完
-1|20161102115345|666|3421|请待续
-1|20161102115345|666|3422|小二出品
-1|20161102115345|667|3423|或配1.5T+双离合江淮全新SUV即将亮相?[汽车之家?新闻]?随着江淮全新SUV的谍照在网上曝光，近日，网上又出现了关于该车的动力情况
-1|20161102115345|667|3424|据悉，这款代号为B-SUV的江淮SUV将搭载1.5T发动机，同时其还将匹配着双离合变速箱
-1|20161102115345|667|3425|http://www.autohome.com.cn/news/201203/308933.html在造型方面，江淮B-SUV与现代的ix35有着一定的相似度，不过细节方面它还是做了一些调整
-1|20161102115345|667|3426|另外，新车出自和悦的车型平台，其车身长度大概在4.4-4.5米左右
-1|20161102115345|667|3427|动力方面，虽然目前江淮再产的发动机有1.5VVT、1.8VVT和2.0TCI等汽油发动机和1.9L柴油发动机，但随着1.5TGDI发动机的推出，以及江淮B-SUV在今年后期的投产时间来猜测，或许该车会搭载上这台1.5TGDI发动机，同时匹配的江淮自主研发的双离合变速箱
-1|20161102115345|667|3428|???编者语：目前，关于江淮这款全新SUV的信息并不全面，有消息称，其将在今年的北京车展上正式亮相，相信届时我们会对其的了解更加全面
-1|20161102115345|667|3429|（文/汽车之家张钧励）更多相关阅读???定位城市SUV江淮全新SUVSII实车曝光????http://www.autohome.com.cn/news/201203/307965.html
-1|20161102115345|668|3430|前一段时间，在泰安玮垒长城4S店，换了腾翼C30的左前玻璃，要了我260大洋，有知道的同学说一下，这个价格贵吗
-1|20161102115345|668|3431|当时问店里的工作人员为什么收这么多，她们解释说：当时店里没有现成的玻璃需要从厂家发货，给我走的急件，所以就是这个价格
-1|20161102115345|668|3432|后来玮垒4S店给我打过一个回访电话，向其反映了这个情况，后来也没了下文
-1|20161102115345|668|3433|发帖没别的意思，就是想向懂得同学请教一下，如果收的确实有点多，希望4S店能注意一下
-1|20161102115345|669|3434|昨天看了下保养记录，首保是1月7日2450公里去的，二保ssss店要求是三个月或7450前去，经常市区上下班，3个月就跑3000公里啊，6个月内去是可以的吧
-1|20161102115345|670|3435|提车69300保险（强制险，三者险20万的及司机险副驾驶险、车船税）共计2853.50、上牌共计320，地胶，防爆膜、方向盘套、香水、座套及驾驶副驾驶坐垫共计1000?购置税5923以上就是我刚提车的全部费用79396?改天上点图
-1|20161102115345|671|3436|第一次发贴，本来是回复帖，却不小心变成了主贴，，大家看在都是GX7车迷的份上，不要骂我哈
-1|20161102115345|671|3437|强烈关注GX7
-1|20161102115345|671|3438|另外问一下：像GX7这样的发动机和车型，跑多少码才最省油呢，是网上说的70-80吗
-1|20161102115345|672|3439|http://www.autohome.com.cn/news/201203/307965.html
-1|20161102115345|673|3440|今天得到北京现代厂内部消息4月8日起ix35将批量生产换代发动机新发动机已在起亚智跑上换代生产销售一段时间了返修率较高
-1|20161102115345|673|3441|可能很多朋友会问为什么改款反而不如原版
-1|20161102115345|673|3442|↓两个原因：1.降低发动机成本2.全力主攻年底的新一代圣达菲ix45所以中意ix35的朋友请抓紧在4月8日前出手抓住原配发动机的尾巴
-1|20161102115345|674|3443|今天中午出去买东西，在路上看到的貌似是日本车，雷克萨斯也不知道是什么型号看来不是多花钱就一定质量好啊右脚都掉下来了
-1|20161102115345|675|3444|留给国人的选择题…………呵呵
-1|20161102115345|676|3445|????2012年元旦提车，算下来已经3个月了
-1|20161102115345|676|3446|一直在准备这个作业，毕竟现在买乞丐版的比较少，也想通过这个作业，让更多的人了解2012MT乞丐版
-1|20161102115345|676|3447|????大学毕业后在西北工作了10年，去年才回到成都上班，在以前单位的时候，由于工作及地域原因，出门都是越野车，喜欢SUV视野开阔、动力够劲、应对复杂路况比较轻松的感觉
-1|20161102115345|676|3448|回来后，单位的公车主要是上班时间用，自己一直比较喜欢旅游和摄影，于是买一台车的想法颇为急切
-1|20161102115345|676|3449|当时根本没有考虑轿车，一直以来的SUV情怀，手动驾驶的驰骋乐趣，让我只想在SUV里面选择，历经3个多月选车历程，最终做了一个“艰难的决定”，购进了2012款智跑MT乞丐版
-1|20161102115345|676|3450|????一、关于选车????选车的历程异常复杂和痛苦，因为亲戚有一台长城H5，用起来感觉也不错，越野性能那是刚刚的，性价比还说得过去，去年9月成都车展的时候，正好看了H6的实车，感觉外形和性价比都还不错，国产车的进步很明显，因为没有试驾，当时就没有订
-1|20161102115345|676|3451|等到国庆节，又去了长城4S店，心痒痒的订了H6精英版，主要还是因为家里在用的那台H5，对长城的suv比较放心，价格也便宜，于是就想订了，余下几万可以换个全幅相机和几个骚镜头
-1|20161102115345|676|3452|接下来是漫长的等待，快2个月过去了，H6竟成了神车，一直等不到
-1|20161102115345|676|3453|长城可以无条件退车，于是毅然去退车，计划着先把换相机和镜头的事情放一放，因为单位同事也说，开个H6出去还是不安逸，反正还有另外一台H5可以用，应该买个合资车
-1|20161102115345|676|3454|???11月底去退了H6，又紧锣密鼓的开始选车，日本车一直不在考虑范围内，迄今为止没有进过一次日系车店
-1|20161102115345|676|3455|于是去看起亚，当时想订狮跑，因为优惠2万多，但是那个外形让我很纠结，忍住了
-1|20161102115345|676|3456|途观也看了，加价的事情让我很不爽，导购小妹那眼神也让我受不了，直接说的是：我们这个不叫加价，只是售价高于市场价而已
-1|20161102115345|676|3457|擦，转身就闪了，也去看了道奇，感觉不错，就是觉得保养成本太高了；IX35也看了，差点就交钱，仔细一想，那个车外形有点娘，虽然里面都差不多，还是忍了，荣威、大7等等也被PASS,最后又回到起亚店，认认真真仔仔细细的研究智跑，觉得外形够骚，性能也不错，车展前智跑一直是加价销售，年底了2011款清理库存，有1万的优惠，2012款当时刚上市一分不少，于是很快下单订了2011款MT乞丐版，又一直没有自己想要的沙滩金，别的颜色又不喜欢
-1|20161102115345|676|3458|咬牙决定改单子订2012款MT，价格上是没有什么优惠，也基本上不送什么东西，但是想想6速MT，也许改款的小毛病少些呢
-1|20161102115345|676|3459|使用3个月以后，觉得当时的决定是正确的
-1|20161102115345|676|3460|因为经常泡坛子，看到一些11款都不同程度存在大灯起雾、各种异响等等小毛病，而自己的2012款目前什么问题都没有
-1|20161102115345|676|3461|???????二、关于油耗????提车三个月，加油一共2250元，行驶里程3366公里，续航350公里，其中大约有1000公里高速路，500公里快速路，其余全是成都三环内市区行驶
-1|20161102115345|676|3462|综合油耗在不到9个，每公里在6毛钱的样子，感觉MT加上6速变速箱，确实比较省油
-1|20161102115345|676|3463|下面是油耗记录：???2012.01.01-02.07???1100元,行驶1800公里???2012.02.8?200元???2012.0216?200元???2012.02.26200元????里程2498公里，续航380公里???2012.03.03?200元??里程2940公里，续航220公里???2012.03.11?200元??里程3063公里，续航386公里???2012.03.16?150元??里程3366公里，续航360公里???个人驾驶习惯比较温柔，基本都是2000转换挡，温柔起步，线性加油，遇灯和下坡都提前空挡滑行，很少急刹车，急加油
-1|20161102115345|676|3464|一次在快速路上跑出了5.9L/100公里的油耗
-1|20161102115345|676|3465|???????三、关于使用感受??优点：?1、?外形没得说，出门很多次被人问这个是什么车，哪一款；2、?内饰比较时尚，几年内不会过时；3、?操控性好，不少朋友开过我的车，都说好开，离合很轻，市区堵车时，也不觉得有多累，刹车响应比较及时，换挡比较轻巧；4、?发动机声音小，怠速低（600转），好几次以为熄火了，其实没有
-1|20161102115345|676|3466|市区行驶一般在30-60码，油门从来没有过一半的深度；高速路上时，6速2000转85公里每小时，这时是轻点油门状态，很经济；6速2600转的时候120公里每小时，这时油门大概接近一半的位置，发动机调校比较不错，油耗目前很满意；5、?动力足够，超车提速很快
-1|20161102115345|676|3467|尤其首保拉高转速后，能有一点推背感
-1|20161102115345|676|3468|6、?空间比较理想，家里人都比较匀称，没有大胖子，所以坐乘感受挺好，春节回老家时，车上坐过5个大人，2个6岁的娃娃；?缺点：1、?A柱，还是A柱，有点挡视线，但是习惯就好，多晃动脑袋，注意不撞到车窗就行；2、?冷车时，1档有时不太好挂；3、?轮胎，一如既往的锦湖，上了80公里后胎噪大了点，不过感觉现在锦湖要稍微做得好点了，准备跑够20000公里换胎，先装个胎压监测再说；4、因为离合行程高，发动机怠速低，不注意的话容易熄火，很多老司机开我的车都遭遇过
-1|20161102115345|676|3469|如果满载的情况下，因为怠速较低，轻点油门到1500转，起步比较顺畅，要不容易熄火，但怠速低，等灯时能省点油
-1|20161102115345|676|3470|?四、关于加装一直以来比较喜欢折腾，玩单反已经折腾了不少银子，现在玩车，把本该换镜头的钱用来在车上加装了一些东西，花费差不多8000，具体的在后面的图片中都有，以下是加装清单：1、?卡仕达DVD，成都本地安装，送摄像头，质保2年，3400元；2、?行李架、发动机护板、前后保险杠，成都本地安装，共1300元；3、?底盘装甲，伍尔特灰色，淘宝4瓶450元，喷装收费200元；4、?金科8代减震胶，淘宝195元，安装收费50元；5、?儿童安全座椅，淘宝390元；6、?各类车饰车贴，淘宝约400元；7、?后备箱垫、遮物帘，淘宝共320元；8、?贴膜，USL膜，全车1500元；9、手台?490元
-1|20161102115345|676|3471|????????最后提一下价格，裸车16.48万元，当时买的时候刚上市，没有优惠，现在有1万左右的优惠，但是不能跟北京上海的优惠比
-1|20161102115345|676|3472|购置税1万4，保险6千，裸车办完18万5的样子
-1|20161102115345|676|3473|目前自己加装这些东西，花了8000多，加东西不要在4S加，太坑爹了，一个DVD给我报价1万，我在外面自己加卡仕达的dvd才3400，比他所谓的原厂好得多
-1|20161102115345|676|3474|乞丐版，买的就是个实惠，其余的自己在外面加，刚接到通知，油价上调0.44元，擦，神奇的FGW啊，油价真的伤不起了
-1|20161102115345|676|3475|能省点就省点
-1|20161102115345|676|3476|??????关于这个车，大家拍得比较多了，细节我拍得很少，所谓乞丐版，就是高档配置神马都没有，比如ESP、天窗、陡坡缓降、DVD、倒车雷达等等，都毅然决然的没有，更不要提定速巡航了哈，轮毂也相对较小，16寸的，更多的就关注汽车之家的车型对比吧
-1|20161102115345|676|3477|最可气的是没有行李架哈，装的话要钻孔，有漏雨的可能，粘一个的话，只能做做样子，这个是我决定乞丐版最窝心的地方，别的东西没有我倒是不觉得遗憾
-1|20161102115345|676|3478|???????不过正常使用情况下，不经常飙车的话，没有这些东西不影响，少了这些配置，省了几万大洋，能加的自己去加就是，不能加的就忍住，安全谨慎驾驶才是重要的
-1|20161102115345|676|3479|???--------------------------------------------------------第一道分界线-------------------------------------?提车时的例检，全裸的跑跑
-1|20161102115345|676|3480|?提回家后，与家里的另一台H5??够骚的外形????广角下，更加霸气
-1|20161102115345|676|3481|?贴的东西有点多，哈哈
-1|20161102115345|676|3482|??---------------------------------------------第二道分界线------------------------------------------------??这个是重点，6速
-1|20161102115345|676|3483|?2012款的身份，好坏都有人说，不过，省油是必须的了
-1|20161102115345|676|3484|?只用了一天的CD?木有一键启动，插插更健康
-1|20161102115345|676|3485|?智跑的油箱，基本上100元加满一格，算下来，4S只给我加了不到50元的油?后视镜电动调节比较实用，缺的是一键升降和自动落锁，想近段时间自己加?简陋的多功能方向盘，不过习惯了就好
-1|20161102115345|676|3486|?这个大灯调节比较实用?-----------------------------------------------------第三道分界线----------------------------------------??在成都本地一家店加装DVD，卡仕达，质量不错，价格3400，比淘宝稍高点?以下是加装DVD实拍,不再赘述?------------------------------------------------------第四道分界线---------------------------------------??加装前后杠和行李架、发动机护板?行李架只能用粘的，想钻孔来着，漏雨伤不起???前杠是老款豪华版，后杠是双排款，侧踏是4S送的，老中青三代组合的拓界，哈哈?发动机护板安装中?----------------------------------------------------第五道分界线-----------------------------------------??淘宝买的底盘装甲，4瓶伍尔特灰色，一公斤装，450元，喷装费用200元?减震胶，淘宝买的，190元，安装费50元，有点效果的，尤其是碎石路面?装后轮的减震胶，不太好装，几个人搞了很久?------------------------------------------------------第六道分界线---------------------------------------??淘宝买的儿童安全座椅，和靠枕一体式凉被?车之翼的后备箱侧储物格，比较实用，手台是必须的
-1|20161102115345|676|3487|??后备箱垫、遮物帘，淘宝买成一共320元
-1|20161102115345|676|3488|??我的摄影装备一直随车???WRC的腰靠，本来想换皮座椅的，暂时还没有改淘宝的方向盘套，喜欢这种运动感?----------------------------------------------第七道分界线-----------------------------------------------???“智者川行”智跑四川地区车友自驾活动随拍?????我的轮毂，淘回来自己贴的??21台车，很是拉风?-----------------------------------------------------第八道分界线----------------------------------------??关于大家一致纠结的防撞钢梁，正好首保的时候，看见一辆事故车，就拍了下来??后防撞梁无需置疑的是玻璃钢的?玻璃钢看起来大约4毫米的样子?前防撞梁是钢的不过比较薄，2个毫米的样子--------------------------------------最后一道分界线----------------------------------------------------??目前跑出来的最低油耗悲催的锦湖，晚上掉头的时候大意了一下，被隔离桩挂破了右前轮???瓜哥，这个求认证???整体来讲，智跑性价比不错，用起来很满意，开出去很拉风，对得起这个价格，MT的乞丐版，性价比更高，当然米多可以上高配的
-1|20161102115345|676|3489|如果不经常飙到180公里以上的话，反正目前我只跑到130公里就不想再提速了，安全最重要
-1|20161102115345|677|3490|准备今年入个智跑，有没有童鞋发起一下
-1|20161102115345|677|3491|谁有多余的扣扣群，先拉大家进去一起交流一下
-1|20161102115345|678|3492|我的车在换档加油的时候会听到咔咔的响声,好像有齿轮联结不紧密碰撞的声音,类似于自行车有点儿滑轮的样子,大家有这种情况吗?怎么解决的?另外这车要是慢加油,温柔点儿开还是很省油的,人多了好像有些吃力,起步确实慢呀,在市里开又不得不猛加油,慢了人家后面的直叫呀,目前跑了快两千公里了,用着还行,就是前面说的那个响声,一开始是二档有,现在二、三、四都有??
-1|20161102115345|679|3493|纯图片，，，，，
-1|20161102115345|680|3494|2010年12月提车，到现在已经跑了6.1W公里了满了18岁就去考了驾照
-1|20161102115345|680|3495|很快就拿到了驾照
-1|20161102115345|680|3496|准备买一辆车开开
-1|20161102115345|680|3497|开始准备入手Q5（按揭）
-1|20161102115345|680|3498|但由于我们这里Q5加价最少7W还要等5-7个月，放弃
-1|20161102115345|680|3499|过了几天打算去现代看看
-1|20161102115345|680|3500|当时就看上了新胜达
-1|20161102115345|680|3501|大气的外表,当时定的白色顶配，不懂车，以为顶配就是配置好了些
-1|20161102115345|680|3502|原来就是多了两个座位
-1|20161102115345|680|3503|变成了7坐，订车给了1W，等了一个礼拜就到
-1|20161102115345|680|3504|接到4S电话就刷卡走人
-1|20161102115345|680|3505|新车提出来就去加了一个大包围
-1|20161102115345|680|3506|花了1W多
-1|20161102115345|680|3507|开了一年多，跑了6.1W公里了
-1|20161102115345|680|3508|经常用来跑工地，车子牌照也不档了，在路上看见的按个喇叭外观篇（本有技术有限，照的不好，将就着看哈)要飞了
-1|20161102115345|680|3509|侧面
-1|20161102115345|680|3510|很有特色的
-1|20161102115345|680|3511|大脚内饰篇
-1|20161102115345|680|3512|公里数
-1|20161102115345|680|3513|有点反光
-1|20161102115345|680|3514|看官移动下脑袋仔细看花了50块钱买的小瓶子就花了60块钱
-1|20161102115345|680|3516|天窗，灯，眼镜盒子
-1|20161102115345|680|3517|这是让我最蛋疼的地方
-1|20161102115345|680|3518|后面居然没有出风口，还好侧面有激情从这里开始
-1|20161102115345|680|3519|霸气侧漏
-1|20161102115345|680|3520|座椅加热
-1|20161102115345|680|3521|车辆24驱更换灯控控制和一些乱七八糟的东西没有用过脚刹
-1|20161102115345|680|3523|呵呵多功能方向盘
-1|20161102115345|680|3524|重来没有用过最后来两张钥匙，求认证斑竹大人看我幸苦了半个小时射了吧
-1|20161102115345|681|3525|在腾讯主页财经新闻里看见了这个：油价或20日凌晨上调汽柴油最高零售价涨300元看坛子里没人说
-1|20161102115345|681|3526|还觉得奇怪呢
-1|20161102115345|681|3527|结果一发帖才知道
-1|20161102115345|681|3528|原来被版主屏蔽了啊~~~~~我说版主，这消息腾讯主页都发出来了，怎么咱论坛还不能发了
-1|20161102115345|681|3529|政治觉悟很敏感嘛~~~怎么整的比腾讯还严肃了呢
-1|20161102115345|681|3530|不至于吧
-1|20161102115345|681|3531|咱论坛又不是什么政府网站
-1|20161102115345|682|3532|今天早晨上班跟一辆别克凯越的车相擦，我的前右灯下方悲剧了，对方突然变道杀出，结果擦着她的车尾巴了，对方全责
-1|20161102115345|682|3533|提车才8天，非常的郁闷
-1|20161102115345|682|3534|鉴定：均有擦伤?结果：不相上下
-1|20161102115345|683|3536|????听别人说改气后与烧油一样的感觉是错误的
-1|20161102115345|684|3537|现在汽油那么贵我的刚刚要6毛一公里，我想改用气的，请问有改过的朋友可以告诉我怎么改，还有是烧什么气啊，冲氧气的地方有冲吗
-1|20161102115345|684|3538|我们这里没有冲气站的，改一下要多少钱啊，修车老师会改吗
-1|20161102115345|684|3539|跪求了
-1|20161102115345|685|3540|上星期去了深圳宝马4S看X1实车，进口和国产的都看了，实车的质量和做工让我下定决心肯定是买国产X1，销售建议我考虑买2.0豪华版或者是1.8豪华，1.8时尚，和2.0领先都完全不用考虑，不知道论坛里哪位朋友有提过1.8豪华的，可以不可以分享一下使用后的心得，因为1.8豪华的价格我是比较能接受的，2.0豪华要贵出好多，不过销售说1.8豪华提车可能要半年，2.0豪华一周就能提到车，嗨·····纠结啊~~~~~哪位高手给分析分析这两款啊
-1|20161102115345|686|3541|看到论坛中很多达人讲如何爱护车，如何保养车，如何加装饰等等
-1|20161102115345|686|3542|大家一副热血沸腾的样子，真不忍心大家看到我的见解
-1|20161102115345|686|3543|在我认为：1：车仅仅是一个工具而已，记住，仅仅是一个工具
-1|20161102115345|686|3544|2：在保证安全的前提下，尽量少修车，车很多情况下，不是开坏的，而是修坏的，折腾坏的
-1|20161102115345|686|3545|3：尽可能的少加装饰，有哪些加装饰的闲钱，不如积攒下来准备买下一辆车更划算
-1|20161102115345|686|3546|4：关于买车，同一款车中，一般情况下，最具性价比的，不是最低配置的那款，而是比最低配置高一个档次的哪款车
-1|20161102115345|686|3547|5：小磕小碰在所难免，可以在乎，但不必太在乎
-1|20161102115345|686|3548|毕竟一个人的精力是有限的，别花在这些无所谓的事情之上
-1|20161102115345|686|3549|备注一下：第一条，不是我自己说的，以前在国外的时候，刚到国外不久，买了第一辆自己的爱车，天天像宝贝一样的保护着，而我一外国朋友却天天糟蹋自己的车，我问他为何那样
-1|20161102115345|686|3550|他的回答很简介：“этотолькомашина”翻译过来，这仅仅是一辆车而已
-1|20161102115345|686|3551|第二条，也是在国外的时候，车经常一点小毛病，就去修理厂修车，但大多情况下，修理厂都告诉我，不涉及安全问题，开吧，没必要修理，别浪费钱
-1|20161102115345|686|3552|我特不理解，给你赚钱的机会你还不赚钱
-1|20161102115345|686|3553|时间久了，就明白，人家那叫诚实
-1|20161102115345|687|3554|我是10年11月份提的车，车辆为银手豪，现在跑了13013公里，出现图片中的红色区域异响，主要表现为起步或者低速行驶时里边出现哒哒的敲击声，用手按一下声音消失抬手声音又响，高速不响，另外右前门玻璃升降时不匀速，玻璃在升降到一半时有一种要上不来的感觉，不平滑
-1|20161102115345|688|3555|车放了一月没动打不着火了，是不是电池没电的原因啊
-1|20161102115345|689|3556|不知不觉小三已经满1年了，4保也刚做完了
-1|20161102115345|689|3557|小三的发动机噪音问题一直让我心烦，尤其是坐在驾驶座上深踩油门加速时发动机舱传来的噪音实在让我受不了，但坐在后排和副驾上却基本听不到这个声音
-1|20161102115345|689|3558|去过苏州和昆山的2个4S店，修车师傅均告知是正常发动机声音，忍着吧
-1|20161102115345|689|3560|?昨天在论坛看了一些车友的隔音作业和效果，有褒有贬，基本结论是U槽，防火墙，四轮这3样一定要做，车门，尾箱，顶棚，底板可选做
-1|20161102115345|689|3561|而我最想解决的也就是发动机舱传来的噪音
-1|20161102115345|689|3562|今天也联系了本地的“平静隔音”装修店，老板报价材料+施工全价3100，可以再优惠一点
-1|20161102115345|689|3563|?请问做过的以及懂行的朋友说一下，全车隔音有必要么
-1|20161102115345|689|3564|U槽，防火墙，四轮这3样做完真的能达到官方科鲁兹或者瑞麒G3的的水平么
-1|20161102115345|689|3565|全车做完和只做这3样区别大么
-1|20161102115345|689|3566|有这个水平我就满足了，不奢求更好的
-1|20161102115345|689|3567|?顺便提下瑞麒G3这个车，价格比小三贵一些，车内装饰用料确实比小三高一个档次，档位很好挂，但它的离合和油门没小三好控制，容易熄火，起步时很容易车抖（油门要1500转以下起步就容易车抖，应该是动力不足以带动1.3吨的车）
-1|20161102115345|689|3568|其他方面见仁见智，G3的后轮独立悬挂我也没觉得多舒服，过减速带也是颠簸厉害的
-1|20161102115345|690|3569|dlx11版去年11月买亏大了
-1|20161102115345|690|3570|少了ESP等等
-1|20161102115345|691|3571|双燃料爱丽舍车子停放时间长了是不是要把气罐阀门关掉好些啊，我是想车子停放时间长了，是不是有慢放气的现象，所以我这样做不是好些啊，可是这样又出另一个问题，阀门长期又开又关的，是不是使用寿命不长啊
-1|20161102115345|692|3572|一、买车：去年6月买的吃本来没计划，后来看北京摇号估计以后挺麻烦第二批申请，没想到第四批中签了，以前买彩票从来没中过
-1|20161102115345|692|3573|目标都没有，连请教别人带上网再去4S店
-1|20161102115345|692|3574|别人拿本比较早后来一直没动过车，家里老爸老妈加老婆孩子5口人就我一个司机，所以自动挡是首选，还要兼顾坐车的舒服（全是领导）还有就是省油好维护，北京的堵车不用说从卫星地图上可以看
-1|20161102115345|692|3575|买车理由就这么多选了阳光银自豪基本达到要求
-1|20161102115345|692|3576|?二、提车：提车很快2周，验车15分钟交钱走人，牌子自己上网编的，让4S店跑的手续（关键比较省事，自己跑省钱费时间）保险在4S店上的
-1|20161102115345|692|3577|车提回来好几天不敢自己开车上路，半夜出去练车，小区看车的以为我天天上夜班呢
-1|20161102115345|692|3578|?三、用车：个人觉得阳光够用，根据自己的情况1、把喇叭换了蜗牛的原装的声音太小，2、加了倒车雷达后视（阳光全系不带有点小气），不是那种一体机没什么用GPS用手机里的凯立德挺准
-1|20161102115345|692|3579|3、把车里车外的后视镜都换成大视野的，原装的视野太小
-1|20161102115345|692|3580|4、装了一个行车记录仪，其实没什么用但是放人之心不可无呀
-1|20161102115345|692|3581|第一箱油8个多，冬天自动挡水温上来才升档比较费油现在7个，夏天6.5左右空调一半一半吧
-1|20161102115345|692|3582|北京市区自动挡?第一次发帖先写这么多后面想起了再补充
-1|20161102115345|693|3583|?????????过去的一年里与智跑同行，很荣幸
-1|20161102115345|693|3584|说说感受
-1|20161102115345|693|3585|2011年4月一时冲动到北京提车，合宏进4S只给我优惠7千，一转眼一年过去了，真是喜忧参半，感慨万千
-1|20161102115345|693|3586|????首先，智跑给本人带来的经济影响
-1|20161102115345|693|3587|由于按揭，导致工资本直接交给银行，再没见过
-1|20161102115345|693|3588|每个月过着乞丐般的生活，但是咬着牙，也要给他添置装备，先后有拓界+导航+膜+坐垫+自动上窗+等等等等
-1|20161102115345|693|3589|再苦不能苦孩子，再穷不能穷智跑，换换换，，，月光，月光
-1|20161102115345|693|3590|牙缝挤出钱给宝贝换了大灯，又换了2灯，又换了雾灯，又换了全车led灯，，继续咬牙
-1|20161102115345|693|3591|????其次，6.8——10.8——12.5的油耗，从惊喜，纠结，不知所措到竖起中指，7块——7.7——8块（虽然没涨但马上肯定涨），又是雪上加霜，揭不开锅了
-1|20161102115345|693|3592|油耗一般，不算省，不算费
-1|20161102115345|693|3593|出副对联：夏天就算开空调也省，冬天坚决不开灯也费
-1|20161102115345|693|3594|横批：mlgb
-1|20161102115345|693|3595|???第三，小毛病，1.后边响，真的响，不太确定的响，时有时无，，一去4S就不响了，就算我东西放得不对，认了
-1|20161102115345|693|3596|2,
-1|20161102115345|693|3597|上边响，这个有还是没有啊
-1|20161102115345|693|3598|，真的有，可以有，??第四，空调不给力，开得太大嫌太吵，??第五，后排太直，没有坡度，??第六，噪音略大于同级车??第七，也是最要命的，，样子太好看，老是遭别人白眼，说：这车真好看，太好看了，虎气，，，，，就是个壳（%……￥……%#￥%##）?跑跑是我家的第三辆车，1赛拉图，现在退居2线2瑞麒M1（老婆的）这是我的智跑这是我为孩子们堆得车，想按智跑搞，，结果水平太差?????最后搞成坦克了，我爱玩《坦克世界》今天刚照的，晴，温度10°C左右（怎么转过来啊），，后边的拓界还不错加了个小尾巴，亮闪闪这个是送的帅酷前边的拓界太丑了，想办法弄到资金换掉公安进大门用的红豆，黑曜石，图个吉利，求个富贵笑看人生卡仕达4000M6000K+示宽蓝光led黄金3000K，，很黄很暴力机滤漏油
-1|20161102115345|694|3599|大家知道是怎么回事吗··?卖车的说新车把里程表的保险丝拔掉以后·就会出现这个问题需要解码··我很费解啊··无语啊·?
-1|20161102115345|695|3600|刚刚看了新奥迪A6的评测，配置的科技感真的很诱惑人啊，我们HG什么时候也该升级升级让我们这些车主安慰一下啊
-1|20161102115345|695|3601|如果A6的科技配置加上HG的舒适感，估计市场一定热卖啊
-1|20161102115345|696|3602|这个面显得很大气
-1|20161102115345|697|3603|泰安宁阳长城腾翼C30群号221675074
-1|20161102115345|698|3604|墙裂呼吁c30置换c50，请厂家考虑墙裂呼吁c30置换c50，请厂家考虑墙裂呼吁c30置换c50，请厂家考虑墙裂呼吁c30置换c50，请厂家考虑墙裂呼吁c30置换c50，请厂家考虑墙裂呼吁c30置换c50，请厂家考虑墙裂呼吁c30置换c50，请厂家考虑墙裂呼吁c30置换c50，请厂家考虑墙裂呼吁c30置换c50，请厂家考虑墙裂呼吁c30置换c50，请厂家考虑?请大家支持
-1|20161102115345|699|3605|智者乐山-智跑者乐水欢迎加入乐山智跑QQ群——221928834
-1|20161102115345|700|3606|哪位老兄有3元出手，请联系我
-1|20161102115345|701|3607|08年1月份12代黑色金标皇冠，排量2.5
-1|20161102115345|701|3608|先介绍一下车的加装情况
-1|20161102115345|701|3609|加装DVD导航，导航卡和SD卡一张
-1|20161102115345|701|3610|第次都是换嘉实多磁护机油，内饰一个季度左右洗一次，在朋友的3M授权店做了车漆镀膜和全车窗的防爆隔热膜
-1|20161102115345|701|3611|二十天左右打一次车腊
-1|20161102115345|701|3612|说说用车的感受吧，皇冠这车开着确实舒服，而且外观很大气，由于是2.5排量，动力性感觉一般，不过高速上跑到120左右的时候油门踏板踩到底，加速和推背的感觉还是不错的
-1|20161102115345|701|3613|操纵尚可，感觉一切都是为了舒适性在让步
-1|20161102115345|701|3615|高速就比较省了，最省的时候跑到过8.7，时速120~130左右的时候是9.5，150~160之间就比较费一些，在11个左右
-1|20161102115345|701|3616|如果速度再往上去肯定还会更费油，而且这车上到170以上的时候飘的感觉比较大，给人的信心不是那么强
-1|20161102115345|701|3617|侧风大的时候就更不用说了，啥车跑到180有侧风都飘
-1|20161102115345|701|3618|这车家用商用都很适合，出席各种场合里子面子也都能照顾到
-1|20161102115345|701|3619|就是后排坐三个人的时候，中间乘客腿部会很不舒服，粗大的传动轴影响了后排中间乘客腿部的空间
-1|20161102115345|701|3620|我在哈尔滨，北方的冰雪路面开起来真的是很吓人的说，何况还是一台后驱车，还好有雪地模式和ESP，冬天上套雪地胎，问题不大
-1|20161102115345|701|3621|但没有冰雪路面经验的新手还是算了吧，安全第一
-1|20161102115345|701|3622|事情就是这么个事情，情况就是这么个情况
-1|20161102115345|701|3623|下面上照片~~~左前45度右前45度古法琉璃的福字挂饰及佛珠一串~后加装的DVD导航，详细功能下面会有介绍室外气温-3度，总公里数不到8万这箱油的平均油耗电加热很实用前排空间后排空间后排中央扶手，各种功能键一目了然，而且很实用
-1|20161102115345|701|3624|商务气息扑面而来
-1|20161102115345|701|3625|这叫什么键来着
-1|20161102115345|701|3626|老板键
-1|20161102115345|701|3627|也很实用的说~~~天窗控制按钮、眼镜盒、车内空气自动控制、顶棚灯光控制按钮
-1|20161102115345|701|3628|眼镜盒要大大的夸一下，我的太阳镜超级大，一般的车内眼镜盒都放不进去，但皇冠可以轻松放入，赞一个
-1|20161102115345|701|3629|前几天提的档，弄个临牌先挂着
-1|20161102115345|701|3630|边上是导航接收模块和车载电视接收天线
-1|20161102115345|701|3631|未完待续~~~~~
-1|20161102115345|702|3632|佛山顺德店终于到车了，金色的精英版，什么也没有加装，价格98900元
-1|20161102115345|702|3633|居然加价卖，坚决等正式上市后再作选择
-1|20161102115345|702|3634|没有试驾车，上车体验了一下，感觉比较满意，就是觉得行李箱太高了
-1|20161102115345|703|3635|08年5月份上牌，提车31万，上牌全部手续4万，至今跑了7.5万，配置，天窗，真皮坐椅，一键启动，全车隔音，专车专用sd卡音乐盒，氙气大灯，保养全在4s店，店内可查，无事故
-1|20161102115345|703|3636|求各位朋友给估个价看看能值多少米
-1|20161102115345|704|3637|??最近去SSSS看了车，店子里面有很多版本，真皮导航的、手舒的、手豪的、精英导航的、精英的等等
-1|20161102115345|704|3638|我想问大家的是我只想买裸车，看中了手豪，提车的时候如何区分是手舒还是手豪的呢
-1|20161102115345|704|3639|有哪几方面的不同呢
-1|20161102115345|704|3640|谢谢了
-1|20161102115345|705|3641|???????最近刚换了自选机油（品牌型号不说了，避免广告），周末特意做个对比测试：312公里，耗油16.76升，路况分3种：郊区路120公路，盘山省道120公里，城市拥堵路70公里，综合油耗5.37?以前的纯高速油耗大概6.36左右（4S的的机油，好像型号是10W30）?????省油15.72%????看来要想省油，选对机油很关键
-1|20161102115345|707|3642|2月27号提的车，立刻去南京智跑车友会的据点折腾下话不多说上图咯~这个东西不解释
-1|20161102115345|707|3643|万恶的脚动~~~~前保险杠拆掉了~~~~~~~~~心里很纠结啊，安装日行灯（更换雾灯总成）博士喇叭（智跑的原唱喇叭很不给力啊）行李架和脚踏板雨眉
-1|20161102115345|708|3644|欢迎各位加入智跑群QQ220721387
-1|20161102115345|709|3645|早上上班吗，零下15度，发动汽车，抖，郁闷哪，加油门加到5000-6000转，约3-4秒收油，好像好了点
-1|20161102115345|709|3646|熄火重启动
-1|20161102115345|709|3647|正常了
-1|20161102115345|709|3648|上路，五分钟后到达交通岗
-1|20161102115345|709|3649|等红灯时关闭发动机，再重新启动，正常，没事了
-1|20161102115345|709|3650|这种情况遇到过4、5次
-1|20161102115345|709|3651|每次都这么处理
-1|20161102115345|710|3652|????????????1....全景天窗、360度视野一切尽收眼底
-1|20161102115345|710|3653|????????????2....中置后驱，动力智能分配，动力强劲
-1|20161102115345|710|3654|?????????????3...刹车辅助，前后制动泼片
-1|20161102115345|710|3655|????????????4...智能驾驶系统，智慧型道路适应,就当前中国道路拥堵现象，它每次多能从容通过????????????5...前后独立悬挂，真皮减震坐椅
-1|20161102115345|710|3656|?????????????6...零胎压继续行驶?????????????7...全覆盖智能倒车影像????????????8...百公里零油耗，零排放
-1|20161102115345|710|3657|????????????9...24小时365天道路免费救援，无论何地，无论何事，只需一个电话，????????????????遍及全国的救援团队免费为您服务????????????????全国统一服务电话---110
-1|20161102115345|711|3658|请教各位：问了个人，北京E300L时尚现在ssss购置税保险等等手续办全了下来现在要62了
-1|20161102115345|711|3659|比之前提高了2011.5款，配置比较全，银+栗木棕内，值得买吗
-1|20161102115345|711|3660|这款现在貌似不多了，新出来的要减配了吧...
-1|20161102115345|712|3661|群里一下子多了好多专业顶贴的水军，请版主及时清理
-1|20161102115345|712|3662|特征是都不发帖，乱顶?http://finance.chinanews.com/auto/2012/03-16/3748048.shtml
-1|20161102115345|714|3664|QQ群号：217952899
-1|20161102115345|715|3665|长沙K5看车记从11年12月份车展开始一直在断断续续的看车、原来想找个12W的A级车??1：宝来（考虑到铸铁发动机、还有配置过低、就PASS??2：轩逸、说实在的很舒适的一辆代步车、很是心动、但是实在受不了过窄的车身、老是感觉很小气??3：新速腾、从第一次现在永通看到起、就迷上了、大气的外形+大众的品牌\一直在关注、7号上市那晚彻底伤了我的心????????还是去SSSS店订了车、可居然还要加价、我操、还有更气人的、2个月之后才能提车、17我伤不起啊??4：从开始的车盲到现在整天逛在爱卡、汽车之家、天涯车友上知道了什么发动机、悬挂、ESP、波箱、、、后来听说K5不错、????就一直在关注、去SSSS看了车一眼就迷上啦、就它啦、12款DLX??不选不纠结啦、??关键是价格啊、我的期望是优惠3W??最好还能送导航就万谢啦、要求过分吗??有近期购买意向的一起啊、人多力量大嘛??+群??221246661
-1|20161102115345|716|3666|X5无伪谍照曝光http://www.autohome.com.cn/news/201203/308361.html???
-1|20161102115345|717|3667|?特别是t6低配的性价比很高
-1|20161102115345|717|3668|不知道何时才能买一辆呢
-1|20161102115345|717|3669|就是喜欢既安全提速也快得车
-1|20161102115345|717|3670|现在除了自己车的论坛，主要就是会逛xc60?q5和g37的论坛了
-1|20161102115345|718|3671|长时间关注长城哈佛H6柴油版绿静，其产量出其的小
-1|20161102115345|718|3672|我个人认为长城在搞饥饿销售，故意造成紧张
-1|20161102115345|718|3673|此外，城市SUV的实际生产成本应该没有非承载式的SUV高，流水式生产线，注定承载式的城市SUV反而低于非承载式底盘SUV
-1|20161102115345|718|3674|但长城外形比较时尚的H6一出来，其价格就不是那么厚道了
-1|20161102115345|718|3675|看到吉利全球鹰GX7已经市场销售后，开始进行关注，察觉其底盘悬架不但没有弱于H6,甚至还有所超越
-1|20161102115345|718|3676|在此，恭喜吉利的明显进步
-1|20161102115345|718|3677|全球鹰GX7的车身重量只有1.48吨左右，这种城市SUV对于家用一族就非常实用，其重量确保油耗不高，加之空间也很不错，后排变化能力强!是款值得购买的车型
-1|20161102115345|718|3678|长城哈佛H6的柴油机是比较值得褒奖的，百公里才六点几升，其车身要重于全球鹰GX7
-1|20161102115345|718|3679|若X7也上一款2.0T的柴油版，估计还要省油，同时动力会更加
-1|20161102115345|718|3680|因此，一直期盼吉利全球鹰GX7的2.0T柴油版早日上市
-1|20161102115345|720|3681|求GPS高手啊黑金刚，1.5无敌版的，2011年十一月30日购买的
-1|20161102115345|720|3682|想加装一机多图
-1|20161102115345|720|3683|但是无才啊
-1|20161102115345|720|3684|从网上下载一些，运行路径没有反应，端口号也改了，没有用，净出来一些蚂蚁大的英文，没办法又改回来了，求安装过一机多图的高人啊
-1|20161102115345|720|3685|QQ312977878
-1|20161102115345|721|3686|?视频链接?http://v.ku6.com/show/YF773FKda-cV2dU7jnti5A...html??http://v.youku.com/v_show/id_XMzYwNjg3NDY0.html??
-1|20161102115345|722|3687|c30才开了5000多公里，尾气口生锈的很厉害，大家有什么好办法吗
-1|20161102115345|722|3688|谢谢了
-1|20161102115345|723|3689|4S店说起亚没有18.88的12款DLX只有19.98的12款DLX＝2??是怎么回事?12款的DLX没有卖的网上现在报的DLX说的就是老版的DLX而且除了发动机和双排气管其它都没变化
-1|20161102115345|724|3690|今天杯具了宝贝我都心疼死你了我是一纯新手??过一限宽水泥墩??驾驶座前后车门?全部报销水泥墩是南北路上放着???我从西来往北去??打左转向?减当二档??弯转的小了点??车头过去了??只听卡卡卡卡卡卡??我刹车???完了一下滑到后门了??我下车一看?妈呀??这可咋好??才300公里多一点???安慰一下我吧??我心眼小??无呜呜呜呜??明天上图片??今天太黑了没照片???报保险了?????????????????????????????????????????????今天进修理厂了???我的个妈???保险公司说要?一千八百多??他们黑不啊
-1|20161102115345|724|3691|??幸亏有保险??我不用花一分钱?呵呵呵??上几张图片????[本帖最后由任东敏于2012-03-191我是一纯新手??过一限宽水泥墩??驾驶座前后车门?全部报销水泥墩是南北路上放着???我从西来往北去??打左转向?减当二档??弯转的小了点??车头过去了??只听卡卡卡卡卡卡??我刹车???完了一下滑到后门了??我下车一看?妈呀??这可咋好??才300公里多一点???安慰一下我吧??我心眼小??无呜呜呜呜??明天上图片??今天太黑了没照片???报保险了?????????????????????????????????????????????今天进修理厂了???我的个妈???保险公司说要?一千八百多??他们黑不啊
-1|20161102115345|724|3692|??幸亏有保险??我不用花一分钱?呵呵呵??上几张图片????[本帖最后由任东敏于2012-03-191
-1|20161102115345|725|3693|?今天早上正梦境中仙游，突然老婆大叫：老兄，你的鱼死了
-1|20161102115345|725|3694|嗯
-1|20161102115345|725|3695|不可能，水前天刚换，食昨天刚喂，怎么会死呢
-1|20161102115345|725|3696|它可是成为家庭成员多半年了，起床一看究竟翘翘了：哇，嘴里有东西
-1|20161102115345|725|3697|反正死了，动个小手术看看原因
-1|20161102115345|725|3698|?可怜的鱼哦
-1|20161102115345|725|3699|知道原因了：以前这家伙很调皮，没事就把鱼缸底下的石子吞吐着玩，这回倒好，吞了个比较大的石子吐不出来了
-1|20161102115345|725|3700|结果嘴和腮失去功能给淹死了
-1|20161102115345|726|3701|作为企业我只能老老实实地听话，哪个部委让我怎么做就怎么做；只要能实现在中国生产，我就谢天谢地了技术的力量2011年，沃尔沃在全球的销量增长50%，其中中国市场增长50%，日本、德国市场的增长也是50%左右
-1|20161102115345|726|3702|不用多说，中国是沃尔沃汽车的第二个本土市场，吉利并购沃尔沃后，我们在中国各个方面的投入都比较大，因此市场发展较快
-1|20161102115345|726|3703|德国和日本市场为什么也能表现如此优越呢?主要靠的是沃尔沃的技术，在这两个市场我们投放了高技术的新产品
-1|20161102115345|726|3704|比如说自动刹车系统，到目前为止，全球也只有沃尔沃一家汽车厂商使用这项技术
-1|20161102115345|726|3705|简单地说，就是在车的前面如果有人、狗、猫或其它车辆时，系统会自动锁定并跟踪这些移动目标
-1|20161102115345|726|3706|仅仅跟踪还不行，当危险即将发生而司机又没有采取相应措施的情况下，系统会自动刹车
-1|20161102115345|726|3707|另一个新技术是方向的自动纠偏系统，这也是沃尔沃在全球首先使用的
-1|20161102115345|726|3708|人在开车时往往判断不是很准确，比如差1厘米或1毫米，人是看不到的，但我们这套自动侦查系统就可以发现司机开车时常犯的一些错误，它会主动提醒
-1|20161102115345|726|3709|还有，当车在高速公路上跑，差一点快要碰到隔离带时，即使司机没有发现这种情况，纠偏系统也会自动调整
-1|20161102115345|726|3710|这就像唱卡拉OK，有些人唱得不太好听，但卡拉OK机能够自动纠正一些大的偏差
-1|20161102115345|726|3711|这些高技术在汽车上的首次使用，是沃尔沃德国和日本销量增长很快的主要原因
-1|20161102115345|726|3712|和自己结婚沃尔沃现在是100%的中国企业，但目前在国内落地生产而又被政府界定为“外资”身份，这在沃尔沃集团内部及国外造成的舆论反响很大
-1|20161102115345|726|3713|我们收购沃尔沃是中国政府批准的，所有的手续完全符合中国的法律和政策
-1|20161102115345|726|3714|从交易结束到今天有两年多了，沃尔沃的运营非常良好，但到今天为止，沃尔沃还不能被中国有关方面接受为本国企业，也不认同这是中国品牌
-1|20161102115345|726|3715|当初在并购的时候，我们讲得很清楚，并购以后沃尔沃就是中国企业，是吉利旗下的一个公司，并购以后会享受中国的一些政策
-1|20161102115345|726|3716|我确实讲过这些话，但是现在政府又要我们搞合资，这让沃尔沃公司内部的人感到不可思议
-1|20161102115345|726|3717|这件事情在国外引起很大的反响，许多老外甚至怀疑中国的法律
-1|20161102115345|726|3718|一个中国人百分之百拥有的沃尔沃，为什么不承认它是中国企业呢?政府要求我们成立合资公司，作为企业我们只能老老实实地听话，哪个部委让我们怎么做，我们就怎么做，我不能有太多自己的主张
-1|20161102115345|726|3719|只要能够实现在中国生产，我就谢天谢地了
-1|20161102115345|726|3720|其实所谓的“合资”，就是我和自己结婚，因为合作双方都是我一个人签字
-1|20161102115345|726|3721|自己跟自己结婚，自己跟自己签合同，自己跟自己合资
-1|20161102115345|726|3722|我觉得也挺搞笑
-1|20161102115345|726|3723|这种问题，我本人不好发表太多的评论，因为这关系到整个国家的政策、法律和开放的理念
-1|20161102115345|726|3724|但讲实话，中国的法律和政策也没有非常具体的规定，因为这还是个新生事物
-1|20161102115345|726|3725|跟宝马奔驰PK中国的汽车自主品牌一直想走高端，我们自己也确实从零做起过，从低端向高端走
-1|20161102115345|726|3726|但事实上，我们还有一条捷径，就是收购
-1|20161102115345|726|3727|我想过，有一天沃尔沃可能会成为中国自己的第一个高端品牌，能够和奔驰、宝马形成竞争
-1|20161102115345|726|3728|这也是我们进行并购的出发点和基础
-1|20161102115345|726|3729|现在全世界的企业都到中国来了，但中国如何把自己的企业送出去，能够让自己的企业走向世界呢?这是接下来的一个更重大的课题
-1|20161102115345|726|3730|只有实现了你中有我、我中有你，这才是中国加入WTO的出发点，这才是经济全球化
-1|20161102115345|726|3731|现在中国的汽车工业只实现了我中有你，还没有实现你中有我
-1|20161102115345|726|3732|中国的汽车比日本、欧洲、美国价格平均要高百分之十几，经过几十年发展，为什么中国汽车的价格还居高不下?中国的服装、鞋帽、纺织品以及其它日用品等，在一些发达国家都已经形成竞争力了，唯有汽车在发达国家没有形成竞争力，这些需要整个行业进一步反思
-1|20161102115345|726|3733|我们不能依靠竞争对手来帮助我们实现愿望，只有自己强大起来，只有和竞争对手勇敢地展开竞争，以科学的态度去展现中国参与全球公平竞争的姿态，以负责任的态度很有信心地和竞争对手开展依法、公平、透明的竞争
-1|20161102115345|726|3734|只有这样，中国的自主品牌汽车工业才能不断走向强大
-1|20161102115345|726|3735|(根据3月5日中国经济网专访整理)
-1|20161102115345|727|3736|拿3个主持人都是几百块几百块的买车，经常一人一千块，能买到什么宝马，什么赛车的，还能参加比赛，就算是英镑也太便宜了吧，我觉得这才是车的真实价值，国内二手车价还是虚高，真应该是到手掉一半
-1|20161102115345|728|3737|手舒价格，卖车电话
-1|20161102115345|729|3738|在一酒店看到一辆迈巴赫豪车，上的是黄牌照，大家说说为什么可以上黄牌照呢
-1|20161102115345|730|3739|我是3.15在北京提的手豪3.16早上开回家加了300元的97#大约是36升吧开回山东是400公里减了4格显示还能跑240现在已跑了520公里显示还能跑137公里这一箱油算下来每公里4毛6分钱百公里耗油5.54升
-1|20161102115345|731|3740|今天去北七家看车，准备下月提车
-1|20161102115345|731|3741|优惠2.3万，说能商量商量，问问大家，还能便宜多少呢
-1|20161102115345|731|3742|还有在车市买车，有什么需要注意的么
-1|20161102115345|731|3743|谢谢啦~~~
-1|20161102115345|732|3744|我的小黑六，2月14日交1W米定的，不加价，无优惠，T6智雅
-1|20161102115345|732|3745|2月27日提车，作业后面来补
-1|20161102115345|732|3746|有点脏，，贴膜不让洗
-1|20161102115345|732|3747|来张小PP我对油耗无所谓的，平时油耗15个，今天这个数字让我吃惊
-1|20161102115345|733|3748|“汽车安全问题”都是大家投诉和议论最多的一个话题
-1|20161102115345|733|3749|我偶然在一个论坛看到帖子，作为一个汽车爱好者觉得特别气愤就转来让大家围观一下，希望朋友们在买车时能够真正看清一些汽车品牌的本来面目
-1|20161102115345|733|3750|『转』汽车驾驶者遇上无法避免的碰撞事故时，还得考虑怎么撞才能确保安全
-1|20161102115345|733|3751|2011年6月，包先生的朋友开着新购买的、还没来得及上牌照的起亚轿车，发生车祸，车子撞在路边的大树上，右侧前轮胎被撞掉，车辆被撞报废，车内一名乘客当场死亡，3人受伤
-1|20161102115345|733|3753|正是由于副驾驶位置的气囊无法弹开，造成该位置的乘客胸部直接受到冲击导致内脏破裂死亡
-1|20161102115345|733|3754|事发后，包先生向乌兰浩特市起亚经销商讨说法，却被告知应向大庆市的上一级代理商反映情况
-1|20161102115345|733|3755|而大庆经销商则向包先生表示，厂家给出的答复是该车在发生车祸时，没有撞对位置，所以气囊没有弹开，与汽车质量和设计没有关系
-1|20161102115345|733|3756|包先生对这种解释相当不满和愤怒，并表示，如果此事得不到合理解决，他将把这辆事故车拉到全国各地展览
-1|20161102115345|733|3757|原帖链接：carschina.com/guoneicheshi/20111011334551.html看完这个帖子后，我觉得韩系车的质量及售后服务态度真的让国人值得深思，与技术严谨的德系品牌相比，韩系车一直在追究外观上的华丽时尚，华而不实，在质量上棒子车的质量一直在模仿同样垃圾的日系车，来赚取国人的血汗钱，建议大家在选择爱车的时候不要被外观的亮丽所迷惑，多查资料，多考虑安全因素，尽量选择像德系这种成熟严谨的品牌车型
-1|20161102115345|733|3758|坚决抵制棒子车,鬼子车
-1|20161102115345|734|3759|C30汽车空调使用保养知识全攻略
-1|20161102115345|734|3760|C30汽车空调使用保养知识全攻略
-1|20161102115345|734|3761|??随着炎炎夏日到来，汽车空调的使用也进入了高峰期
-1|20161102115345|734|3762|为达到最好的制冷效果，需要注意合理使用空调，更要做好汽车空调的养护工作
-1|20161102115345|734|3763|本人从事汽车空调行业，现介绍一下空调使用保养方面知识和技巧，希望对各位车友有所帮助
-1|20161102115345|734|3764|ffice:车厢内温度很高时，车辆启动后不要立刻使用空调
-1|20161102115345|734|3765|先把所有车窗都打开，把热气排出去一、使用空调制冷正确的操作步骤：二、空调保养应注意以下几点1、定期清洁空调滤芯（滤芯脏污会产生异味，影响空调出风，制冷效果变差）??空调滤芯主要是作用是将对车内的空气经行过滤，空调滤芯使用一段时间后，尤其在较脏的环境中长期使用外循环，空调滤芯上有很多的灰尘、沙子以及虫子，受潮后会霉变并产生异味
-1|20161102115345|734|3766|其次，滤芯脏污导致进气量减少，出现空调制冷效果变差问题
-1|20161102115345|734|3767|一般汽车的空调滤芯安装在副驾驶前得手套箱里侧
-1|20161102115345|734|3768|建议每行驶5000Km更换一次空调过滤芯，环境恶劣时应缩短更换周期
-1|20161102115345|734|3769|2、避免不关空调直接熄火（直接熄火会损伤发动机，还会使空调产生异味）A.损伤发动机??有的车主常常在熄火之后才想起关闭空调，这对发动机是有害处的
-1|20161102115345|734|3770|因为这样在车辆下次启动时，发动机会带着空调的负荷启动，这样的高负荷会损伤发动机
-1|20161102115345|734|3771|因此每次停车后应先关闭空调再熄火，而且也应该在车辆启动两三分钟、发动机得到润滑后，再打开空调
-1|20161102115345|734|3772|B.空调异味??????空调制冷同时蒸发器处产生大量冷凝水，水分滞留在空调内，由于车内温度高，会导致空调系统发霉，进而滋生霉菌，产生酸臭味，对健康不利
-1|20161102115345|734|3773|正确做法：在到达目的地之前几分钟关掉冷气，开启自然风，使空调管道内的温度回升，消除与外界的温差，从而保持空调系统干燥，避免霉菌繁殖
-1|20161102115345|734|3774|3、应定期开放大风量有的车主因为不喜欢空调开到高挡时发出的噪音，因此很少或从不将空调开到大风量
-1|20161102115345|734|3775|但是空调使用时会吸进很多灰尘，定期开大风能将空调风道内表面的浮尘吹出来，这是保持空调清洁的一种简单的方法
-1|20161102115345|734|3776|另外，也要用专用的风道清洗液进行杀菌、清理和除异味
-1|20161102115345|734|3777|4、检查、清洁冷凝器表面??为了保证整个空调系统能正常工作，保持冷凝器表面的洁净是至关重要的
-1|20161102115345|734|3778|因为汽车冷凝器装在汽车发动机前方
-1|20161102115345|734|3779|表面会有尘土（春天时的柳絮、杨絮）等杂物覆盖其上，阻碍冷凝器将热能散发到外界去，定期清洁冷凝器表面可使空调系统的制冷效果大大提高
-1|20161102115345|734|3780|为此，应经常清洗冷凝器表面（可用压缩空气清理），清洗时注意不要把冷凝器散热片碰倒，更不能损伤管子
-1|20161102115345|735|3781|下午去无锡新体中心去看车，，外形很时尚，内部空间不觉得小，，问了价格，原价，有礼包送
-1|20161102115345|735|3782|我当时问销售员，要不要加价，他楞了一下，好像问这个话挺奇怪
-1|20161102115345|736|3783|?想问问各位江苏周边那个城市的沃尔沃优惠幅度大点,大概都能优惠多少
-1|20161102115345|736|3784|买过T6舒适的同学可以告诉我一下吗
-1|20161102115345|737|3785|我看之家的评测写k5高配有方向盘电调，可是起亚网站上没写啊，请问到底有没有啊
-1|20161102115345|737|3786|是带记忆的吗
-1|20161102115345|737|3787|跟凯美瑞一样的
-1|20161102115345|739|3788|22141997
-1|20161102115345|740|3789|首保换变速箱油吗，机油换什么牌的?
-1|20161102115345|741|3790|????入手小三快3个月，总的来说给好评，车超所值
-1|20161102115345|741|3791|今年南方阴雨天特别长，新车免不了要经常透气，因是是手动关窗，所以偶尔会出现忘记下车时发现某一个后门窗未关，又被迫折回家里开电关门窗，很不习惯
-1|20161102115345|741|3792|????因此一直想装个玻璃自动升降器，问4S店开口400大元，太黑未去；家门口几家改装店都说还没有2012款小三玻璃自动升降器，郁闷
-1|20161102115345|741|3793|有哪位大虾装过或网购过的，请留步
-1|20161102115345|742|3794|快去加油吧
-1|20161102115345|742|3795|要破八了
-1|20161102115345|743|3796|请问2010款小爱后雾灯是一个吗
-1|20161102115345|743|3797|前天大雾，开灯一看只有左后有雾灯亮，请问是我的小爱后雾灯坏了一个，还是只有一个
-1|20161102115345|744|3798|新车磨合期发动机转速不超过多少转，时速不超过多少多少公里
-1|20161102115345|744|3799|谢谢
-1|20161102115345|745|3800|平时上下班只有5KM，100米也只能跑出160KM，今天跑长途，100米跑出了240KM，真正感受到以前车友们说的每公里0.5元钱的事实
-1|20161102115345|745|3801|小三跑长途是很省，短途得8个多
-1|20161102115345|746|3802|小本生意
-1|20161102115345|746|3803|国道和高速走的多
-1|20161102115345|746|3804|基本很少很少进市区
-1|20161102115345|746|3805|载载货
-1|20161102115345|746|3806|不多就是了
-1|20161102115345|746|3807|一次几百斤吧
-1|20161102115345|746|3808|宏光加价
-1|20161102115345|746|3810|眼看51快到了
-1|20161102115345|746|3811|提啥车呢
-1|20161102115345|746|3812|对车的要求就是要有一定的空间
-1|20161102115345|746|3813|好像两个都不错
-1|20161102115345|746|3814|再着要外观好看点
-1|20161102115345|746|3815|老婆一直说菱智是面包面
-1|20161102115345|746|3816|不好看
-1|20161102115345|746|3817|嘿嘿
-1|20161102115345|746|3818|再着就是舒适度要过得去
-1|20161102115345|746|3819|菱智中门怎么样
-1|20161102115345|746|3820|异响怎么样?听听各位前辈的意见
-1|20161102115345|747|3821|因为工作原因，原来工作地点离家里的距离4-5公里，一直是自行车上下班
-1|20161102115345|747|3822|今年工作调动，新工作地点到家要35公里，在地铁还么有通车的情况下，买车似乎成了唯一选择
-1|20161102115345|747|3823|选车篇其实真谈不上什么选车，就是在网上看看
-1|20161102115345|747|3824|开始的给自己订的目标价位是办齐了10w，看的也是合资车型，骊威、嘉年华、雪福来新赛欧，k2等等
-1|20161102115345|747|3825|很偶然在王兰庄看到了长城C30，一打听价钱还挺不错
-1|20161102115345|747|3826|身边的朋友都说国产车小毛病比较多，反正4S店就在家门口，有问题就找他呗
-1|20161102115345|747|3827|这样车型算是订了，找同事联系4S店的经理，要个个裸车的优惠价
-1|20161102115345|747|3828|然后参加了某网的团购，发现跟同事要的价钱一样
-1|20161102115345|747|3829|后来再去找他按那个价格订了车，多送了几样装具（都不值什么钱的，侧后档的贴膜贴完我挺后悔的）从4S店提车那天有点下小雨，也没找照相，看别人提车还在车子上搞个红绳啊照相什么的，我这个4S什么也没有，一切从简，估计是挑车那天让我挑了4个都烦了
-1|20161102115345|747|3830|上一些提车拿到的凭证吧大票，手动豪华裸车63000，价格一般不知道这密码函是干啥用的，就是个车架号吗，密码函里面也没东西啊车辆一致性证书应该还有一些东西，办车务手续的时候交了一些车务篇因为4S店订的裸车，所有的车务都是自己办的，提了车一看里程表只有1km，果然够新
-1|20161102115345|747|3831|油表还剩2格，就用这两格跑到河东缴纳购置税，当天下午天气不是很好，购置税大厅里基本没什么人，复印材料直接办手续，刷卡缴费一气呵成，整个过程不超过5分钟
-1|20161102115345|747|3832|大厅外很多黄牛不知道这还能有什么生意
-1|20161102115345|747|3833|奇怪的是购置税不是按大票的价格走的，难道是我买贵了，差不少呢
-1|20161102115345|747|3834|办好了购置税驱车直奔津西车管所，门口也是一对黄牛，因为到哪的时候已经4点多了，自己虽然知道手续但是担心时间来不及，一个黄牛报价50心想也不贵就让他上来了
-1|20161102115345|747|3835|拍照，验车、进大厅办车务，有黄牛帮忙还是很顺利的
-1|20161102115345|747|3836|自己办牌照所需的费用，170大洋整车管所没想网上传的那么黑，进来就给你明示单，我找个黄牛跟着我办，他还被警察轰出去两次，管的还真挺严
-1|20161102115345|747|3837|过了三天去车管所取的行驶证和登记证，这两天有空了把环保证办了拍照上周就寄到了，一直放在后备箱里，等临牌到期了再挂上，原因你懂得
-1|20161102115345|747|3838|从办公室往楼下拍张远远的小三窗户一直敞着，4S店送的侧后档贴膜说是3M的不知道是什么杂牌，味道非常大，只要到单位就开窗户放味道
-1|20161102115345|747|3839|没有做什么装饰，感觉这个车子代步足够了，没打算怎么改，淘宝淘了一些东西，地垫、后尾箱垫什么能自己装的就自己动手了，买的铭朗膜还没贴，跟合作商家联系了，100大洋手工费什么时候顺路过去就做了
-1|20161102115345|747|3840|下面一个帖子占位明天拍点实车图能申请认证了不
-1|20161102115345|748|3842|市区没问题
-1|20161102115345|748|3843|有没有遇到过这情况的车友
-1|20161102115345|749|3844|英伦SX7：配1.8升发动机领衔5款新车内饰不知道会不会比GX7强
-1|20161102115345|749|3845|轮毂也应该换细条样的才好日前，我们从官方获得消息，2012年英伦汽车将推出五款新车，包括英伦SX7、英伦SC3等全新产品，同时SC7将引入六速手自一体变速箱，而SC5-RV将匹配涡轮增压发动机，值得我们期待
-1|20161102115345|749|3846|●SX7SX7是英伦汽车品牌首款SUV，SX7的造型由乔治·亚罗操刀设计，定位于城市SUV
-1|20161102115345|749|3847|英伦SX7可以说是依托全球鹰GX7车型打造自己的英伦品牌产品，外形和GX7相比有所微调
-1|20161102115345|749|3848|动力方面，SX7预计匹配1.8升发动机，最大功率139马力（102kW）
-1|20161102115345|749|3849|同时还有4G20（2.0L）发动机，最大输出功率141马力（104kW），峰值扭矩178N·m和4G24（2.4L）发动机，最大输出功率152马力（112kW），峰值扭矩210N·m两款可选
-1|20161102115345|749|3850|传动系统匹配5MT
-1|20161102115345|750|3851|交订金了，5000园，定的手豪钛空金，没车要等，郁闷
-1|20161102115345|750|3852|有谁知道阳光能换宽胎吗，多少米
-1|20161102115345|750|3853|?
-1|20161102115345|751|3854|这款车也不错呀，值得期待
-1|20161102115345|751|3855|●SX7???SX7是英伦汽车品牌首款SUV，SX7的造型由乔治·亚罗操刀设计，定位于城市SUV
-1|20161102115345|751|3856|英伦SX7可以说是依托全球鹰GX7车型打造自己的英伦品牌产品，外形和GX7相比有所微调
-1|20161102115345|751|3857|???动力方面，SX7预计匹配1.8升发动机，最大功率139马力（102kW）
-1|20161102115345|751|3858|同时还有4G20（2.0L）发动机，最大输出功率141马力（104kW），峰值扭矩178N·m和4G24（2.4L）发动机，最大输出功率152马力（112kW），峰值扭矩210N·m两款可选
-1|20161102115345|751|3859|传动系统匹配5MT和6AT
-1|20161102115345|751|3860|???基于全球鹰GX7打造吉利英伦SX7再曝光???http://www.autohome.com.cn/news/201203/304892.html
-1|20161102115345|752|3861|貌似还得听电脑的
-1|20161102115345|753|3862|我去鄂宝问的，加价1.5W大礼包（全车膜，拉杆箱，钱包、脚垫等），不知道大家的情况如何
-1|20161102115345|753|3863|~~快来发言吧
-1|20161102115345|754|3864|我方向回正了怎么老往又跑
-1|20161102115345|754|3865|往左一点才跑得正，请问你们有同样问题吗
-1|20161102115345|755|3866|有必要吗我的现在也响了有什么影响吗
-1|20161102115345|755|3867|下车就走人了响我也听不到了，对车没什么影响就不换了
-1|20161102115345|756|3868|?????前几次懒,下雪也不擦,结果雪化了后,脏得没法看.?????这次除雪用扫把,结果怀具了,扫的时候看不出,因为湿的,一干就出来了,全是小划痕啊.??????最好的方法还是让雪自然化开,急得开,只除前后档玻璃即可,玻璃没事,硬度高.?????化了后,及时清车即可.?????有的时候,勤快了未必好.?????新手还是多思定后动,上百度搜搜再做.?????话还说回来,车是来用的,不是车来控制你,养车与用车要有个平衡,车有划痕很难避免,平常心吧.
-1|20161102115345|757|3869|如题K5首保问题请达人进~~~用什么牌子机油、2200KM首保行吗~~~另外应该在首保前拉高速还是在首保后呢
-1|20161102115345|757|3870|求高人指点
-1|20161102115345|758|3871|现在市面上的SUV，主要有三种四驱模式，这三种就是全时四驱，分时四驱，和智能四驱
-1|20161102115345|758|3872|这三种四驱模式各有优点，看你自己怎么选择了
-1|20161102115345|758|3873|接下来分别介绍一下这三种四驱模式，供大家参考
-1|20161102115345|758|3874|全时四驱，顾名思义他就是在汽车的行驶过程中一直是保持一个四驱状态，这种四驱模式是一种经典的四驱模式，驱动力比较大，越野性非常好，适合一些极端路况的行驶，但是在现在的市场环境，这种四驱模式已经不太适应现实了，现在大部分人都在城市开，市区的车况也越来越堵，全时四驱在这种情况下动力就不显的那么重要了，而是油耗了，全时四驱在市区开的话并不太好，油耗要比分时四驱和适时四驱，高许多
-1|20161102115345|758|3875|对我们车主来说，倒是要关注一下
-1|20161102115345|758|3876|但是如果不在乎油耗的话，也就无所谓了
-1|20161102115345|758|3877|适时四驱，主要是汽车电脑通过监察路况汽车根据路况自己调节驱动模式，这中四驱模式也是很多车在采用的一种四驱模式，这种驱动模式主要是为了适应现在的市场从全时四驱演变而来的，这种设计上比较人性化，也能显出一款车的高档，在低速时候是四驱，高速是两驱，但是本人是不太支持适时四驱的，这种驱动模式有很大的弊端，就是这种驱动模式太理想化了，给大家说一件发生朋友身上的故事，我朋友开的是
-1|20161102115345|758|3878|（具体车型不说了希望大家理解），昨天我和几个朋友郊外去玩，要走一段很泥泞的路，当时觉得是四驱没问题，就过了结果大破眼睛，车子陷进去出不来了，原因是在加速的时候前轮打滑，车轮转速很高，车子自己转成两驱了，不加油门吧，车子是四驱，但是车轮没有力量，根本就出不来，当时就把我朋友气爆了
-1|20161102115345|758|3879|所以适时四驱只适合一些公路上的雨雪天气，提高一个稳定性倒是足够了，但要是离开了公路，就不敢保证了，反过来，像一些大城市，车辆比较多，速度一般都限速，车子也跑不快，很有可能，一直是四驱，油耗还保证不了，想让它省油还省不了了，这样的话还不如买全时四驱呢
-1|20161102115345|758|3880|分时四驱是我个人比较喜欢的一种四驱模式，这种四驱模式是人脑来调节的，人脑肯定要不你电脑来的实在吧，感觉这种设计更具人性化和实用性
-1|20161102115345|758|3881|他是靠我们自己根据路况自己调节四驱模式，在市里的话直接调到两驱，油耗省了
-1|20161102115345|758|3882|下雨下雪的话打到四驱，车子的稳定性提高了，安全性也就提高了，?出去玩的话，调到LOCk锁止上，把四个轮胎的驱动力平均分配了，通过性有了，适应路况能力更强了
-1|20161102115345|758|3883|这样的话既能满足SUV的越野性，还能满足燃油经济性
-1|20161102115345|758|3884|写的或许偏激了个人看法而已，仅供参考
-1|20161102115345|759|3885|小弟想加装这些，感觉很好看，但是不知道怎么加装的效果比较好，请加装过的上图给个效果指点谢谢了
-1|20161102115345|760|3886|求助各位论坛里的神人，本人小3的安全带报警声一直都有，最近显示副驾驶安全带警示灯不亮，今天连报警声都没啦（副驾没系安全带）
-1|20161102115345|760|3887|这是为什么尼
-1|20161102115345|760|3888|~~~~~~~~~~
-1|20161102115345|761|3889|今天下午交了定金定下了2.T黑色的低配，由于我人在外地通过工行汇款交的定金，车子6月底，7月初到
-1|20161102115345|761|3890|到时候去杭州提车交作业
-1|20161102115345|762|3891|2012年我们浙江杭州雨下的太多了
-1|20161102115345|762|3892|一个月下了27天
-1|20161102115345|762|3893|呵呵
-1|20161102115345|762|3896|所以在网上买了一副加热镜片自己加装
-1|20161102115345|762|3897|现在发几张图片和大家交流一下
-1|20161102115345|762|3898|谢谢
-1|20161102115345|763|3899|315有机会在临沂人民广场闲逛，恰好看到有车展，赶紧的去看看自己关注的几款车，终于找到了传说中的GX7,HTC手机照的，不是很清晰，图个新鲜
-1|20161102115345|763|3901|本人身高183CM，驾驶座位置空间很好，车子不大不小，视线良好，就是质量有待提高
-1|20161102115345|763|3902|关注自动档什么时候有市
-1|20161102115345|764|3903|我去丰田4S问了，换正时全套件：3条皮带＋二个隋轮＋一个水泵＋一桶防冻液＝1300米，再加上600米的手工费，共1900米，好贵
-1|20161102115345|764|3904|?我个人觉得只换三条皮带就够了，隋轮和水泵，可以不换吧
-1|20161102115345|764|3905|求高人指点?04年的车，目前5W2K公里，7年
-1|20161102115345|765|3906|在新浪闲逛，无意中发现了吉利全球鹰官方微博
-1|20161102115345|765|3907|?仔细看看，其中不乏关于全球鹰GX7媒体试驾的几则消息：@杨茗超-Daniel：像一群蓄势待发，正要起步的猎豹
-1|20161102115345|765|3908|饭后无意中发现它们，估计今天它们也跑一天了，休息下先
-1|20161102115345|765|3909|跪求价格
-1|20161102115345|765|3910|我在这里:#厦门市-思明区#@全球鹰官方微博拿到了GX7钥匙，充满质感而简洁，实用而不浮夸，略显低调
-1|20161102115345|766|3911|"事情是这样的，早上按下一键启动后，听到打火启动的声音不一样了，以前按下去都是“的、的、的，哄
-1|20161102115345|766|3912|”，但是今天的声音是“的、的、的，短促的一个尖叫叽在轰”，而且今天的这个""叽""是短促的类似尖叫声的，马上电话4s，说让我在启动式下，于是马上在熄火在打火还是这样，4s电话里让我在来次，结果再启动又正常了，4s说拿就没事了刚才出去回来后在熄火在打火也正常了
-1|20161102115345|766|3913|?前天晚上停车在小区里到今天早上去启动车子也就1天半的时间
-1|20161102115345|766|3914|之前也没碰到过，之后试了几次初了第2次，其余也都正常了，真是烦人，有没有打打知道原因啊，4s又说是正常的?今天的用车启动声音又正常了,也不知道明天会怎么样"
-1|20161102115345|767|3915|内饰做工精细配备多功能高端娱乐系统全球鹰的GX7外形时尚、大气、耐看，内饰也将给你惊喜，在功能区的布局和细节处理上都花了不少功夫，做工也有明显提升
-1|20161102115345|767|3916|?内饰部分采用黑色、米色的双色拼接设计，层次分明
-1|20161102115345|767|3917|中控部分较为简洁，基本功能一目了然
-1|20161102115345|767|3918|?http://news.bitauto.com/daodian/20120316/1805627536-2.html?没有强烈的塑料感，我怎么觉得很强力恩，难道改进了吗
-1|20161102115345|768|3919|11年11月入手35至今，已经5个月了，整车还是比较让人满意的
-1|20161102115345|768|3920|除了油耗平均在12.5-13.5之间，其它一切都好
-1|20161102115345|768|3921|请问各位大虾，可不可以通过刷ECU或添加节油器进行改善，有没有这样做过的啊
-1|20161102115345|768|3922|帮小弟提供一下信息
-1|20161102115345|769|3923|如题，请教各位大侠
-1|20161102115345|770|3924|北京的购车指标已经拿到了，准备下手2.0P，计划20日去订流金黑，白的太多了，不知道那车好看不
-1|20161102115345|771|3925|约售13.07万起马自达CX-5海外售价公布2012年03月18日01:00来源：汽车之家类型：原创编辑：兴珉［汽车之家新闻］日前，马自达全新紧凑级SUV车型CX-5海外售价正式被公布，其中手动两驱入门级车型价格为20695美元（折合人民币13.07万元），顶配自动四驱GrandTouring版本售价达到28295美元（折合人民币17.88万元）
-1|20161102115345|771|3926|据之前消息，新车将会在今年三季度引入国内销售
-1|20161102115345|771|3927|作为基于马自达3平台打造的紧凑级跨界SUV，马自达CX-5外观设计借鉴Minagi概念车的运动化风格，包括盾式中网格栅、凌厉的前灯组与黑色包围在内的局部设计均增添不少动感元素
-1|20161102115345|771|3928|根据海外车型配置来看，入门级车型标配了包括电动外后视镜、自动大灯、米色布座椅、六安全气囊、一键启动、定速巡航、USB接口与四扬声器等基本装备
-1|20161102115345|771|3929|而顶配则具备包括电加热座椅、八向电动调节、腰部支撑功能与双区自动空调等等
-1|20161102115345|771|3930|另外该车还提供丰富的选装包，包括导航系统、AFS自适应照明系统以及高功率的环绕音响
-1|20161102115345|771|3931|动力方面，马自达CX-5均搭载了SkyActiv-G系列的2.0L自然吸气发动机，13:1的高压缩比使发动机有较高的燃烧效率，同时还具有出色动力和燃油经济性
-1|20161102115345|771|3932|据官方稿件介绍，这款发动机最大输出功率为155马力/6000转，峰值扭矩达到203N·m/4000转
-1|20161102115345|771|3933|传动部分匹配6速手动或6速自动变速箱
-1|20161102115345|771|3934|编者语：马自达CX-5三季度入华后将以进口身份提前入市，从海外售价推测，预计起步价格会在19万元左右
-1|20161102115345|771|3935|而该车随后也有望在2013年实现国产
-1|20161102115345|771|3936|有关大家最为关心的高压缩比发动机是否未来能适用于国内油品问题，目前均有各自的说法，最终结果怎样，期待官方给予我们答案
-1|20161102115345|771|3937|（文/汽车之家兴珉）
-1|20161102115345|772|3938|先上一张给大家看看，下次补作业
-1|20161102115345|773|3939|机车发动后，打开发动机盖，久不久响“嗒”的一声（大概间隔十秒左右），4S店的人说是空调压缩机响，每台车都有的，正常
-1|20161102115345|773|3940|大家有没有这种现象呢
-1|20161102115345|774|3941|我的小三到家也已经10天了，那什么导航一体机什么远光近光疝气什么日间行车灯什么低音炮什么前后保险杠什么左右踏板什么的该装的全部都加装OK了，这两天正在闹无聊
-1|20161102115345|774|3942|伤脑筋咧，都没什么可折腾了好在今天早上吃面条时忽然灵光咋现有了创意的想法，小三屁股后面的“IX35”想去掉两字，前面的“I”字肯定要去掉，大家说说，后面再去掉一个字，是去掉“3”呢
-1|20161102115345|774|3943|还是去掉“5”呢
-1|20161102115345|774|3944|请TX们给个主意如下图：
-1|20161102115345|775|3945|?????我的进口X120i内饰板原装是银色的铝饰板，感觉和红棕内的车厢不搭配
-1|20161102115345|775|3946|今天有空到市场上改装了下，大家看看效果
-1|20161102115345|775|3947|化了200元，不行又改
-1|20161102115345|775|3948|自己动手的哦
-1|20161102115345|775|3949|小工打的下手,师傅忙不过来了阳光下没搞明白这个贴纸是什么名称
-1|20161102115345|775|3950|手感不错
-1|20161102115345|775|3951|????饰板没拆下来，新车舍不得
-1|20161102115345|775|3952|直接贴的，小师傅很认真，效果还行
-1|20161102115345|776|3953|各位老大.本人最近准备出手买车,奇骏.东风郤隆.智跑.选那个好?
-1|20161102115345|777|3954|以前可能是，现在不一定了，问题太多，诸如加价等
-1|20161102115345|777|3955|选择的太多，EC718ESC?等等，你呢
-1|20161102115345|778|3956|RT!!!
-1|20161102115345|779|3957|请问一下
-1|20161102115345|779|3958|那个中网的塑料螺丝怎么拆的
-1|20161102115345|780|3959|我家X6銳界在廠区內互撞...猜猜那台会胜出???
-1|20161102115345|781|3960|之前一直纠结于A4l，q5，今天得知X1国产了，一看价格，开心哪
-1|20161102115345|781|3961|和我的预算正正好
-1|20161102115345|781|3962|由于我是在小城市，本地无4S店，看现车只能在街上偶遇，也只能观下外观，看不到里面
-1|20161102115345|781|3963|有几个问题如下，请知道的童鞋帮忙告诉下哈：1、我喜欢朱砂红，不知道内饰有些什么颜色
-1|20161102115345|781|3964|2、这车一年的保险大概是多少，我车贷的，听说贷的这三年保险要贵不少，那大约是多少呢3、X1的油耗大概是多少，我基本在市区里开，但我们小城市，不堵车的
-1|20161102115345|781|3965|我现在开的车基本在市区都是四十码左右
-1|20161102115345|781|3966|4、因为我们这儿没得4S，只能找汽贸公司代买，从他们那儿走车贷有一个什么手续费，就是贷款额的百分之三(这不是贷款的利息，这百分之三是给汽贸公司的，利息另付），然后还有一个什么牌照公证抵押费1500，再就是交20000的保证金（这个两万三年以后还），请问这些费用都是必须滴吗
-1|20161102115345|781|3967|要是忽悠偶，偶考虑到偶们省会城市去买
-1|20161102115345|781|3968|?问题有点多哈，有知道滴帮个忙哈?
-1|20161102115345|782|3969|如题??谢谢?2.5黑特别版
-1|20161102115345|783|3970|小弟在上海30岁了,前几天刚领好结婚证.宝宝的话准备3-5年后在考虑(老婆还比较小)准备年底或明年初购车.现在除去房贷家庭年收入还有18W-20W,目前手头存款还有15W.想问问大家,如果买X1I18豪华(应该会贷款).有无压力?毕竟刚成家,很多家庭开支都不是很清楚.真心求教....谢谢大家!!
-1|20161102115345|784|3971|新胜达的雨刮片尺寸都一样吗
-1|20161102115345|784|3972|11款的尺寸是多大的
-1|20161102115345|785|3974|不知广大车友有没有好办法不让它那个头歪
-1|20161102115345|786|3975|如果按揭1年的话
-1|20161102115345|787|3976|上午试驾,下午付钱并提车,然后裸车上路,昨天一天跑了将近100Km,黑色手豪,没有拍照片,只有从自己楼上拍的鸟瞰图(中间那辆没有车牌的),还没上车牌,周二下午去搞定他兄弟姐妹们,我的速度那叫快吧
-1|20161102115345|788|3977|有的资料上说它的最小离地间隙是145mm,有的说是122mm
-1|20161102115345|788|3978|纠结K5的满载的最小离地间隙是多少
-1|20161102115345|789|3979|如题，最近搞活动，销售说是12新款的，平时最多优惠3-5000，现在低配的都是优惠10000再送大礼包，93800的布座椅的现价83800，96800天窗的现价86800，98800天窗版的现88800，再高档点的优惠幅度还大点，大家那儿都是优惠多少啊
-1|20161102115345|789|3980|这个价格值得入手吗
-1|20161102115345|790|3981|最近想买车，目标C30，但是目前价格不满意，不知道有没有团购啊
-1|20161102115345|790|3982|看别的地区的团购价格很给力啊
-1|20161102115345|791|3983|??提车已经有5天了，本想发个复杂的作业，但是看来看去觉得图片上过太多，也没啥好写的，就简单的写一下个人感受吧
-1|20161102115345|791|3984|??总体来说，12款K5比11款的来说驾驶感觉明显提高了舒适度（以前试驾过11款，觉得悬挂比较硬），静音效果也有了很高的提升，当然不知道首保后会否继续保持这个状态
-1|20161102115345|791|3985|CD效果一般，导航到比较准确（这要表扬一下，好用），有TX曾经在论坛里说过导航不好用，设置地点必须要精确到区的问题是不存在的（只需要在设置中确定是哪个市后选择综合搜索就行了）
-1|20161102115345|791|3986|内饰做工比较精细，其他装配工艺应该说还是相当不错了（我在安装升窗器的过程中安装人员有感而发K5的做工工艺好过智跑很多）
-1|20161102115345|791|3987|方向盘上下前后调节依然保持，同时P版的自动大灯感应功能比较爽，对于那些进入隧道不喜欢开灯的人确实比较实用（给别人的安全带来了保障），油耗方面目前因为是在磨合期
-1|20161102115345|791|3988|很明显的在高速上相当省油，市区内就有点恼火了，目前平均油耗9（ECO状态下），换挡拨片试用了一下没敢再用，在起步觉得比较棉的时候换到1档，转速表猛然一下就提到了3000转，整个车一下就往前冲，赶紧升档到2再到3看见降到2000转以内才继续换用D档行驶（手动模式下动力的提升非常明显）
-1|20161102115345|791|3989|目前未发现任何异响和其他毛病??唯一觉得很气愤的是起亚取消了上坡辅助和镭射灯觉得是一大败笔，毕竟这两项配置也是许多潜在客户相当在意的东西
-1|20161102115345|792|3990|买智跑前在逛论坛时搜集起来的大量照片大家一起欣赏本人2011年10月出手的跑跑GLSAT的，当时优惠了1.1万，还送全车贴膜等，不多说了直接上图
-1|20161102115345|794|3991|?换车计划在近半年时期萌发，三年前那会大学刚毕业，准备入手第一辆车
-1|20161102115345|794|3992|当时刚工作不久主要考虑的是车子的发动机和油耗
-1|20161102115345|794|3993|经过一番对比选择了三菱蓝瑟
-1|20161102115345|794|3994|随着时间的流逝，三年后渐渐追求空间和业务上的需求，准备换辆大一些的中级车
-1|20161102115345|794|3995|曾经一度在狮跑（旧款让利大）、K5、君威，马6之间徘徊
-1|20161102115345|794|3996|由于自己身材偏瘦，放弃了狮跑
-1|20161102115345|794|3997|而马6在我们这4S店捆绑装潢销售，无形之中多了一万多的装潢费，顿感销售陷阱，放弃了马6.最终君威PKK5.同学买的君威，凭他开了一年的经验理性的给了建议，车的钢板和质量那是肯定的，但油耗也是肯定的
-1|20161102115345|794|3998|锁定目标后，爸爸通过朋友打听K5这款车，说是还行
-1|20161102115345|794|3999|厂里面爸爸同学拜托了4S店的经理
-1|20161102115345|794|4000|于是我们来到盐城捷翔4S店，找到了这个veryperson
-1|20161102115345|794|4001|此人很是热心说既然XX拜托了，那直接到位
-1|20161102115345|794|4002|在原来的基础上让3W
-1|20161102115345|794|4003|随后安排了销售接待我们
-1|20161102115345|794|4004|销售办事效率很快，当天上午就去厂里把车提过来了
-1|20161102115345|794|4005|说是下午可以来提车，新款的，主要区别发动机、排气和ESP
-1|20161102115345|794|4006|?于是我们开始了提车之旅?来到4S店门口，保安大叔在巡视着
-1|20161102115345|794|4007|墙上K5的宣传话很大哈哈
-1|20161102115345|794|4008|小5和跟了三年的小3.刚巧相遇经典的斜角45度，此时销售顾问正介绍着车的情况出浴后小5洁白的脸蛋和有点像虎口的进气格栅小5的双排气管PP，看到上面的水珠
-1|20161102115345|794|4009|想不到sony的卡片机效果不错再步入小5的内部，提车时16KM，从厂里到4S店差不多这么远
-1|20161102115345|794|4010|配备的白色LED炮筒显示很fashion
-1|20161102115345|794|4011|随后移视线于中控区
-1|20161102115345|794|4012|呵呵下午红色的液晶显示让人有种驾驶的激情ESP，大灯高度调节，驻车辅助
-1|20161102115345|794|4013|购车发票，优惠3W车辆合格证使用说明书，钥匙赠品啤酒起子（很多人猜中的）送的原厂脚垫，带安装小孔赠送的牌照框，小蜡把和自己买的后备箱垫子赠送的雷朋汽车膜赠送的实木笔筒2月29日去阳光保保险由于车是新款那时还未上市，只好先拿个临牌跑跑了车回来后，开始装扮小5.偶然的机会到厂里小秀一下毛毛挂件毛毛钥匙扣材料商送的实木念珠小5厂房写真，闪亮的前脸侧开门显欢迎亮灯后PP，流线而有sexy
-1|20161102115345|794|4014|兄妹两个办公楼俯视小5，结束show??????????
-1|20161102115345|795|4015|???这两天大灯感应有点问题，致电4S，顺便问了下24小时救援和三元的事，一问心里凉半截~~~
-1|20161102115345|795|4016|????第一、关于24小时救援只对质量问题免费，其余一律不免，并且质量问题不包括三元堵塞这个问题，这和我们哪位楼主说的明显不符啊
-1|20161102115345|795|4017|???第二、因本人10款新胜达车36000KM现阶段出现车内异味，且有时加速无力这一状况，所以顺便问了关于三元的问题，4S回答：暂未收到免费清洗三元问题车通知，更不可能免费更换
-1|20161102115345|795|4018|???我曰，难道前段坛内兄弟们说的都是假的吗
-1|20161102115345|795|4019|或者是我们湖南的新胜达车主都是后娘养的~~~搞不懂，建议湖南的车主们联合起来争取自己的权益?
-1|20161102115345|796|4020|首先科普常识：双光透镜+氙气灯：高亮度：2倍于卤素灯的照明长度；3倍于卤素灯的亮度输出，3倍于卤素灯的照明面积
-1|20161102115345|796|4021|强功能：远近光一体的车不影响更换，远近分开的话，可以增加一对近光或远光
-1|20161102115345|796|4022|更安全：提供更远、更舒适、更宽阔、更清晰的视野，消除黑夜中隐藏的安全隐患；长寿命：氙气灯寿命长达3000小时以上，8倍于传统汽车卤素灯的寿命低电耗：氙气灯仅为35W，比卤素灯节约近1/2的电能消耗新时尚：提升档次，配上透镜更是如此
-1|20161102115345|796|4023|老板说只有这对透镜是别人车上拆下来的，其它都是进口新家伙，这是在搞啥呢，火花四射师傅说这是在对光，让上车时更准灯胶的味道还有切割灯碗的味道，不好闻，操作间不能多呆，少拍了些
-1|20161102115345|796|4024|近光还凑合，比原来的好多了远光比较满意??路漫漫其修远兮，老鸟焕发新活力
-1|20161102115345|797|4025|4S卖车的时候说是加97号的
-1|20161102115345|797|4026|但是在我向奥迪总公司打电话咨询的时候他居然说是可以93的
-1|20161102115345|797|4027|而且车子的加油盖上写着是91—95号之间
-1|20161102115345|797|4028|请问各位1.4T车友有谁是一直加93号，大家都是加什么油的啊
-1|20161102115345|798|4029|大家好啊一直比较喜欢智跑本月争取在车展上成功定车加入智跑大家庭现在纠结颜色还有两驱还是四驱最后想问一下沈阳地区能优惠多少啊3Q??
-1|20161102115345|799|4030|新浪新闻2012年03月17日04:20??郑州晚报齐凤利个人档案齐凤利男，汉族，河南省滑县人，大专文化，三级警督，1973年8月19日出生，2003年6月1日加入中国***，现为河南省公安厅高速交警总队七支队副主任科员
-1|20161102115345|799|4031|齐凤利1995年9月以优异的成绩考入洛阳人民警察学校，1997年7月1日毕业，同年10月参加工作，历任河南省公安厅高速交警总队见习民警、办事员、科员、副主任科员
-1|20161102115345|799|4032|齐凤利从事高速公路公安管理工河南一位高速交警处理事故时遭遇车祸因公殉职他才39岁，让我们记住他的名字：齐凤利春天来了，他却走了
-1|20161102115345|799|4033|前天那场春雨，滋润了大地万物，但谁又能想到，它也化做了亲朋、战友的眼泪
