-1|20161102115345|0|0|阳光CVT油耗大约多少
-1|20161102115345|0|1|纯市区
-1|20161102115345|0|2|和手动的那个省油
-1|20161102115345|1|3|平常开的很少，后箱还剩了小半桶机油，还能用吗
-1|20161102115345|1|4|打开后一般能保存多长时间就必须得倒掉
-1|20161102115345|1|5|求解
-1|20161102115345|3|6|南昌东亚有人提车吗
-1|20161102115345|3|7|本人谈了2011款P版钻石银?优惠2.5万送导航杜蕾斯膜?
-1|20161102115345|4|8|新人报道，大家好
-1|20161102115345|4|9|我是黑色2.0精英版的现在差一个月就是一周年了目前公里数是24260公里了
-1|20161102115345|4|10|请大家多多指教对车的使用性能和日常保养哈
-1|20161102115345|5|12|到修理厂检测说是空气流量感应器的问题，拔掉插头怠速正常，插上怠速很低，发动机抖动厉害，更换要一千多块
-1|20161102115345|5|13|没舍得换，修理工说拔插头拔了也能正常行驶，最多耗多点油
-1|20161102115345|5|14|传感器插头拔掉后，行驶是正常了，可是发动机故障灯就亮了，我担心这样使用会不会有问题
-1|20161102115345|5|15|还有就是空气流量传感器除了更换还有办法修理吗
-1|20161102115345|6|16|2.0T锐界动力如何
-1|20161102115345|6|17|两吨的车2.0T
-1|20161102115345|7|18|潍坊车展?集体去团K5??有意者速加QQ群?46304618?
-1|20161102115345|8|19|停车从R档推入P档1秒后发出得一声,发动机不起动没有这声,哪位大侠有遇到过吗?这什么情况?
-1|20161102115345|9|20|全球鹰GX7后刹车盘片比长城H6的小，讨论一下刹车盘片大小对刹车性能是否有影响
-1|20161102115345|9|21|看看GX718的100-0km/h制动距离：http://club.autohome.com.cn/bbs/thread-c-989-14609353-1.html再看看长城H6的100-0km/h制动距离：http://www.autohome.com.cn/2123/0/3/articles.html
-1|20161102115345|10|22|?请问大家?有没有换过这种导航的芯片??我想换TDA7850??一问淘宝?店主说本来就是7850的?有点不信??有拆开过这种导航的车友说说看看
-1|20161102115345|11|23|关注XC60很久了，因为自己本身也是一个沃尔沃车主（S40)
-1|20161102115345|11|24|当时没有啥需求，LD看了那么多车，不知道怎么就偏偏看中了那辆小白2.0（后面直觉是对的）
-1|20161102115345|11|25|我也没多想，喜欢就喜欢呗，就把她的第一辆车设置为S40了
-1|20161102115345|11|27|我就给她建议加银子刷ECU，保证跑得比宝马快；她跟我说别给我整乱七八糟的，没有预算，还就要“马儿跑得好，又要马儿不吃草”
-1|20161102115345|11|28|得嘞，接到圣旨，就开始去找升级办法
-1|20161102115345|11|29|还别说，还真有公司针对这个做了那个加速器（无需改装原车电路），原理其实很简单，就是提高转速
-1|20161102115345|11|30|用了之后，起步明细比以前快了那么一点，就是油耗也上去了
-1|20161102115345|11|31|一个2.0的车在帝都的油耗居然要11.7
-1|20161102115345|11|32|不过LD认了，高兴了就OK
-1|20161102115345|11|33|话说小白当时LD喜欢的也不只是外形，还有它的安全性
-1|20161102115345|11|34|反正她拿小白爬过楼梯，搂过石柱，亲过小车，大车（反正以后也没机会去亲火车了
-1|20161102115345|11|35|），它都给LD无限的保护和关怀
-1|20161102115345|11|36|作为城市代步工具，它给了我们足够的信心和动力，偶尔的郊区游，工地游，烂路游我认为它也能应付自如
-1|20161102115345|11|37|国产的沃尔沃原车质量还是基本有保证的，比起其它那些国产神车，起码没那么多闹心事
-1|20161102115345|11|38|要说缺点和小毛病也有，就是沃尔沃早期车辆的通病，排水管容易堵住，造成左右A柱周围部分水渗漏
-1|20161102115345|11|39|不知道现在的12款的XC60会不会也这样（这是我目前比较担心的）
-1|20161102115345|11|40|也请论坛的大伙报一下~~~~总体来说，沃尔沃S40的整体评分6.5分（满分10分）终于有一天，LD发话了，换个SUV吧
-1|20161102115345|11|41|这样就揭开了升级的道路
-1|20161102115345|11|42|???????????????????????
-1|20161102115345|12|43|???曾经在搞传销时(1996年)学到一句话，人生一辈子，要“五子登科”---妻子、儿子、房子、票子、车子
-1|20161102115345|12|45|之前我有过三部摩托车，一部送给了大哥，一部送给了姐姐，一部被人“借”走了再也没有回来
-1|20161102115345|12|46|???其实我在2006年下半年的时候就想买部车，当时第二部摩托车被偷了，可是老婆不同意（当时在乐山买了房子，差一屁股债），只好买了第三部摩托车
-1|20161102115345|12|47|在2008年10月的时候，我骑摩托车在峨眉撞了一老大爷，右腿股骨骨折，一番折腾，除去交强险还赔了20000多，更加坚定了我买车的决心
-1|20161102115345|12|48|???我的专业是工民建，所以开过很多种车，有面包车，农用车，大货车，拖拉机，装载机，挖掘机，还有手推车，呵呵
-1|20161102115345|12|49|基本上都是在工地上瞎玩
-1|20161102115345|12|50|2010年5月学驾照，7天毕业（学车上路时间），路考补考（第一次，挂档的时候从2档直接挂到5档，挂了），其他一次过，还帮一个mm过了交规
-1|20161102115345|12|51|???在2009年下半年就开始在网上看车，那个纠结啊，大家都懂的
-1|20161102115345|12|52|因为经济能力问题，我把买车价格基本定在6万左右
-1|20161102115345|12|53|从风云2（顶腿，发电机皮带），旗云3（屁股不好看，后排空间低），a3（后排空间低，价格），帝豪EC7（价格）,远景（减震问题），金刚（空间小），新赛欧（手摇窗，玻璃钢保险杠），菱悦（外形，空间），和悦（价格），同悦（空间），F3（钣金，做工），酷熊（外形问题），M2（后轮鼓刹，价格），标志207（空间小，气味大），东风风神s30（内饰做工，价格），森雅M80（居然没有CD,除了发动机和变速箱，什么都不是）,最后到C30（没有实车，看不到）
-1|20161102115345|12|54|这些车我都去看过，试坐过，没有试驾（当时还没有拿到驾照）
-1|20161102115345|12|55|说实话，我从没有正儿八经的开过车，所以车对我来说，我就一小白鼠，什么都不懂
-1|20161102115345|12|56|到最后，基本定下来三款，首选M2（如果它能够再降3000元，当时卖价是65900，虽然后轮是鼓刹），次选C30（长城的首款三厢轿车，为了品牌，它应该做的不错，他对得起6万的价格---车168论坛的胖哥原话），再选远景（性价比不错，款型老点，好像减震有点小问题）
-1|20161102115345|12|57|???有疑问，尽管提
-1|20161102115345|12|58|不说了，上照片，35000公里提车合同车车跑了35000多了，还能怠速立烟折腾部分：喷水嘴坏了两个；加了雾灯（2010手舒版）加了冷水阀（空调天热的时候恼火）加了电源整流器（金色的那个）???换了铱金火花塞300块（没图片）加了对高音头，自己用AB胶粘在A柱上（10块一只的JBL,呵呵，网上淘的，多半是假的，不过效果还不错）免费换了左后视镜（向后的LED灯不亮了，估计接触不良）换了后雾灯灯泡一个（乐山红中4S没有收钱）前左门异响处理（忘了照相了，把门里的灯线和音响线用隔音棉包了一下，世界安静了）加了个Mp3,（网上9.5块买的，运费12块，呵呵，前天在淘宝一看，竟然还有7块的，一模一样），说实话，长城啊长城，你加个大的usb口（2012款是miniusb)就那么难吗
-1|20161102115345|12|59|没有加MP3之前MP3处理（外壳背部钻个孔）焊好延长线（电源和声音输出线）拆中控拆面板从audioin穿入，焊在主板上装好，呵呵，成功了结果高兴的太早，MP3的电池被长时间放歌充电充坏了并鼓包，挤压了前进键，结果MP3死机，又费了一番手脚把MP3拆开，把电池剪掉不要，这下真的好了
-1|20161102115345|12|60|巴适
-1|20161102115345|12|61|（黄色的是鼓包的锂电池，一分钱一分货，电池没有控制电路）剪电池的工具油耗：正把油表清零，加满油试试，星期一就告诉大家
-1|20161102115345|12|62|最后我在红中4是进行的7保，换了空气滤芯，空调滤芯，汽油滤芯，机油滤芯，机油
-1|20161102115345|12|64|一共200多点
-1|20161102115345|12|65|7保后最新油耗（把汽油加到自动跳枪，跑了500多公里后再加到自动跳枪，主要是从乐山到峨边的省道，基本满载）：总公里数526.1公里，总油价232.16元人民币，232.16÷526.1=0.4412849元/公里
-1|20161102115345|12|66|呵呵，还不错
-1|20161102115345|12|67|?
-1|20161102115345|13|68|麻烦大家帮我看看这是什么牌子的导航，S店啥子都不说，只说是原厂的
-1|20161102115345|14|69|本人月薪2000，家在山区小县城，一月跑一次地区市，不只长城C30安全、质量、油耗、动力、保养怎么样，请大家帮忙说一说
-1|20161102115345|15|70|问下大家现在K52.0DLX-2价格有没有优惠???优惠多少啊
-1|20161102115345|15|71|急急急啊??还有就是有没有DVD包房屏的
-1|20161102115345|15|72|谢谢了?
-1|20161102115345|16|73|大家去欣赏吧：http://v.youku.com/v_show/id_XMzA0NTAyNDk2.html??太给力了
-1|20161102115345|17|74|私人诚购途安2.0的，车况要好，
-1|20161102115345|18|75|请问大家K52.0DLX的综合油耗都是多少
-1|20161102115345|18|76|我的是10.5-11L.
-1|20161102115345|19|77|新车用铺地胶吗，纠结中，问了很多老司机，有说的铺，有说不用铺的，所以在这听听大家的意见
-1|20161102115345|20|79|你们的是啥情况
-1|20161102115345|20|80|这个还正常吧
-1|20161102115345|21|81|以迈腾为基准拉长：辉腾缩短：速腾拍扁：CC上海生产：帕萨特缩短再少一箱：POLOPOLO拉长：高尔夫速腾拍扁：高尔夫CC基本上就是这个套路了
-1|20161102115345|22|82|各位兄弟姐妹，本人在智跑论坛潜水也有半年多了
-1|20161102115345|22|83|3月15日终于把跑跑2.0GLSAT两驱?提了回来，由于工作忙还没上作业，稍后补上顺便申请认证
-1|20161102115345|22|84|今天17号，跑跑开了300多公里，发现了个问题就是挂D档踩着刹车，听到底盘传来“咯咯咯”的响声，听着很难受不知道是不是变速箱的问题，问了智跑4S的人说是刹车盘的声音是正常的
-1|20161102115345|22|85|再此求教各位
-1|20161102115345|22|86|请帮小弟解下疑惑
-1|20161102115345|22|87|不胜感激!（注：本人开单位的凯美瑞没有发现这样的问题）
-1|20161102115345|23|88|新阳光第二年保险?交强+三者责+车损+不计免赔都下来要多少钱要多少钱，我的车
-1|20161102115345|24|89|后天就要去4S订车了（定白外黑内的特别版）但是销售MM说导航是路畅的，看了那么多帖子都说飞哥的好，请教下高手们的意见
-1|20161102115345|25|90|各位兄弟我们小三的反光镜怎样折叠
-1|20161102115345|25|91|求救
-1|20161102115345|26|92|媳妇在老家养胎，整天老没意思，正好今天我有空，我妹妹星期天也在家，媳妇想去中牟摘草莓，那就去吧，5月份就该生了，快当爹了，我们这环城高速对豫A牌照不收费（原先绕一圈得10元，后来改成1元，去年开始不收费了），市区堵得厉害，既然不收费肯定走高速，从西边上高速，东边下来再走个3公里左右，路边都是大棚草莓废话不说,看图：今天天气不怎么好，风老大
-1|20161102115345|26|93|出发前公里数我家，郑州的能看出来是哪儿不
-1|20161102115345|26|94|吃点早餐
-1|20161102115345|26|95|从郑州西绕城上高速（郑州环城高速不收费，只限郑州拍照）上高速（郑州豫龙站）前往北京方向
-1|20161102115345|26|96|高速一直是120，（不过今天风大，车子有点飘）高速上
-1|20161102115345|26|97|郑州新区站下高速
-1|20161102115345|26|98|糊了
-1|20161102115345|26|99|准备下高速
-1|20161102115345|26|100|下了高速，在郑开大道上
-1|20161102115345|26|101|漫天黄沙
-1|20161102115345|26|102|旁边是正在修的郑州-开封高铁到达目的地
-1|20161102115345|27|103|预谋很久，今天终于决定出手，遗憾的是黑色要等50多天，我忍了
-1|20161102115345|27|104|请各位高手指点K5提车需要改些什么或做什么处理?刚刚注册，不懂规矩的地方，望各位学长见谅
-1|20161102115345|28|106|?
-1|20161102115345|29|107|http://auto.sohu.com/20091028/n267791811.shtml
-1|20161102115345|30|108|想问一下，论坛中有谁的新阳光配了折叠钥匙，有的话请添下链接
-1|20161102115345|31|109|2010年款黑色至尊版
-1|20161102115345|32|110|根据官网的配置清单，难道18I豪华的没有“收音机音响”这块功能吗，还是说和20I豪华是一样的，只是官网资料出错～～
-1|20161102115345|33|111|订的是2.0的精英版无全景天窗那种指导价19.58W本来还看了新CRV跟智跑的原本还想再细细比较一番今天刚好现代SSSS搞了个活动觉得还行就订车了优惠8000送1000的油卡加7000装饰大家觉得优惠力度怎样
-1|20161102115345|33|112|这个价格其实跟大城市比不算什么但本人所在的是小城市各汽车品牌都是独家生意这个价格已经实属不易了
-1|20161102115345|35|115|SX7是英伦汽车品牌首款SUV，SX7的造型由乔治·亚罗操刀设计，定位于城市SUV
-1|20161102115345|35|116|英伦SX7可以说是依托全球鹰GX7车型打造自己的英伦品牌产品，外形和GX7相比有所微调
-1|20161102115345|35|117|???动力方面，SX7预计匹配1.8升发动机，最大功率139马力（102kW）
-1|20161102115345|35|118|同时还有4G20（2.0L）发动机，最大输出功率141马力（104kW），峰值扭矩178N·m和4G24（2.4L）发动机，最大输出功率152马力（112kW），峰值扭矩210N·m两款可选
-1|20161102115345|35|119|传动系统匹配5MT和6AT
-1|20161102115345|36|120|???近期一直在看车、神车价格一出来就蛋痛、加价5000、还要等2个月、去死吧17、、、、、??看上了K5、准备一起TG，有意留下QQ、???或者加群221246661
-1|20161102115345|37|121|?车震解释:现代都市性生活的一种，指为了满足自己性需要，不固定的在汽车内发生性接触和性交
-1|20161102115345|37|122|车震，那顾名思义就是车内震动
-1|20161102115345|37|123|具体的说法“车震”：一般是指异性之间利用汽车的震荡，相互调情和作出一些暧昧的动作或者是做爱
-1|20161102115345|37|124|?正常的男女车友都会有春心荡漾的时刻，而让大家发泄的地方，除了家里，应该还有“车”里
-1|20161102115345|37|125|在国外，一项调查表明，浪漫性爱地点第一位是海滩，第二位就是车
-1|20161102115345|37|126|实际情形是：海滩上的浪漫，对于芸芸众生，也许有些奢侈和有碍观瞻，相比之下，还是汽车里来得更为切实可行一些
-1|20161102115345|37|127|正所谓实践出真知，你完全可以活学活用，从而在各方面提高“车床”水准
-1|20161102115345|37|128|?
-1|20161102115345|38|129|关注吉利汽车10来年了，关注吉利SUV也有三两年了，GX7也快来到身边了，但是感觉仍然不够动人
-1|20161102115345|38|130|于是乎，我挥一挥手，登上了科帕奇的踏板……此前曾委托小贝关注一下科帕奇，在此谢过
-1|20161102115345|38|131|我曾经计划人生第二台车子选吉利，现在只能寄希望于第三台车了，我会继续关注吉利的
-1|20161102115345|38|132|祝各位盆友平安顺利
-1|20161102115345|39|133|经常听到这种声音，没有装任何东西装胎压监测，日行灯装曰行之前就有只有左后轮部位
-1|20161102115345|40|134|觉得不象SUV呢倒底离地是多少
-1|20161102115345|41|135|我是速腾潜在客户，由于速腾悬挂减配，现在准备入手K5，请问12款现在最大优惠是多少米
-1|20161102115345|41|136|请各位师傅告知
-1|20161102115345|41|137|谢谢
-1|20161102115345|42|138|12款新胜达开了5000公里了，感觉车内噪音有点大，五个车门和发动机盖想做个（大能）的隔音，不知大家有什么建议
-1|20161102115345|42|139|谢谢!有做过的朋友帮给个价位区间
-1|20161102115345|42|140|谢谢
-1|20161102115345|43|141|手动舒适指导价才6.45，我跟顾问同志墨迹了半天才给我6.56的价格
-1|20161102115345|44|142|请教一个问题，我买了途安1.4T手动乞丐版后，能否自己加上行李架和前雾灯后，再去上牌，拍行驶证照片
-1|20161102115345|44|143|免得加装了以后审车又很麻烦
-1|20161102115345|44|144|这样操作可行吗
-1|20161102115345|44|145|顺便在请教一下1.4T手动，120码和140码，发动机的转速分别是多少转
-1|20161102115345|45|146|我是新手，11年底才拿的驾照，刚开始考虑了雅阁，天籁，508，君威，K5，其实本人最喜欢的是天籁，不过贱..贱..贱..贱..贱..贱..贱..贱..内喜欢K5，所以听贱内的，白外黑内，优惠28800，送贴膜（后来没时间贴改送包围），脚垫，香水，下面简单发点图片，手机拍的，效果不是很好，多包含
-1|20161102115345|48|149|今天去当地一个车展看车，简单问了下导购说优惠2.5w，不知道现在优惠能到什么程度
-1|20161102115345|48|150|另外，异地购车方不方便
-1|20161102115345|48|151|有没有TX介绍下经验，有团的也可以加我一下，我是江苏泰州地区，长三角附近都可以考虑
-1|20161102115345|48|152|先谢谢啦
-1|20161102115345|49|153|就是这样的可视装置，坛里有人装吗
-1|20161102115345|49|154|哪里能装到
-1|20161102115345|50|155|忍不住了，要是GS250高配，落地能控制在55以内，我就咬牙换
-1|20161102115345|51|157|开其他的车，靠得舒舒服服的
-1|20161102115345|51|158|真想换一个好点的座椅，舒服一点，带电动调节的
-1|20161102115345|51|159|不知道有谁换过，支个招
-1|20161102115345|52|160|如题：像比亚迪、长城、吉利，其他的就算了，瑞虎也可以，集各家之长，?必有出息
-1|20161102115345|52|161|?另外国内很多车企都没有好的发动机，不如联合开发，自主车共用同一系列发动机，是否会避免内斗呢
-1|20161102115345|52|162|?并且增加了自主车在世界上的影响力，??团结才是最好的竟争方式，??????文笔不好，想到啥写啥，呵呵，不同意的请手下留情
-1|20161102115345|52|163|?自主要争气啊
-1|20161102115345|54|165|12年2月底提的黑色手舒
-1|20161102115345|54|167|不过不确定，也不是每次都响，50%的概率吧
-1|20161102115345|54|168|什么原因呢
-1|20161102115345|54|169|本人新手，请高人指点
-1|20161102115345|55|170|定位脱蝎子胎喜欢蝎子漂亮跑了快7万公里换掉旧的
-1|20161102115345|56|171|好久没有冒泡了???????不知道??啥时候???小弟就成了认证车主了????????最近看了K5都出13款了?????????哎??真块啊???值得庆幸的是???????性价比?????又提高了哈【这个你们都懂的】??????本本?还有两个月才能下来???????现在才考到第二关?????倒桩?????????????急急急急急啊???夜里?白天???都是它的影子??????????????由于本人接近90后????特比特比喜欢K5?????又是自己挣钱买车?????????????资金有限??????????DLX????18W?????封顶?????????能够上路吗?????????????????跪求赐教?????????
-1|20161102115345|57|172|看了三个月凯越，却订了威驰手动1.6，带导航、贴膜，共9200大米，大家来电意见
-1|20161102115345|58|173|冬天开暖气，主驾驶的玻璃起雾起的都看不到后视镜，副驾驶还能看到一半
-1|20161102115345|58|174|大家也是这样吗
-1|20161102115345|58|175|我风力用一档
-1|20161102115345|59|176|各地热心车友请尽快建立全球鹰GX7的地方QQ群
-1|20161102115345|59|177|近期全球鹰GX7普遍全国有实车了，上市日期指日可待，为了便于期待小7的车友加强联系交流，请热心车友自发在此帖子跟帖报备心仪的地区QQ群为大家服务
-1|20161102115345|59|178|为了避免误会和不必要的麻烦，谢绝全球鹰4S店销售人员以汽车之家车友名义建群（当然销售人员可以加群，但不能当群管理员
-1|20161102115345|59|179|）
-1|20161102115345|59|180|?以下排名只按报备顺序而已，无关其他
-1|20161102115345|59|181|宁夏群：28305374北京：155746408??群主?阿迷天津：218657706???群主lubird上海：重庆：222467319??群主wangrouyu090831四川：217149426??群主陕西：143176394甘肃：????张掖群42782545?群主?痴心绝对119新疆：179026351青海：139382970????群主?笑傲世纪内蒙古：216944281??群主?疾立风报西藏：129545060???群主?听峰江苏：208758510???群主?南京阿同卤菜江西：浙江：216823649????群主?十八剁?浙江VIP群?200649585?群主??台州柴娃宁波地区QQ群：43670048??群主?宁波人看车市安徽：63110637湖南：216821296?????群主?绝地飞鹰湖北：河南：140192878河北：217469769????群主?蜘蛛王2010山东VIP群：24612227??群主?泰山状元????????菏泽群：216655061???????青岛群：?127211496???群主??lab808?????????????济南群：68220839??群主苏晓东律师???????潍坊群：229466977群主?扶摇千里山西：海南：福建：232974639?????群主??你快乐我幸福广东：216837495??????群主鹰平浪静???佛山顺德群:18611112?群主深山野人2012广西：32905305???????群主小将王翦云南：161635347贵州：黑龙江：225925594???群主?yu4718056??吉林：218945080????群主?诠释1辽宁：217074525?????群主?19781126y??以车会友，无拘无束，自由自在，开心快乐
-1|20161102115345|59|182|期待帝豪EX7已经四年了......一年奔波，尘缘遇了谁
-1|20161102115345|59|183|一句珍重，天涯别了谁
-1|20161102115345|59|184|一点灵犀，凭栏忆了谁
-1|20161102115345|59|185|一种相思，闲愁予了谁
-1|20161102115345|59|186|一江明月，豪情酬了谁
-1|20161102115345|59|187|一场冬雪，烟波忘了谁
-1|20161102115345|59|188|一壶浊酒，相逢醉了谁
-1|20161102115345|59|189|一世浮生，轻狂撩了谁
-1|20161102115345|59|190|一封短信，才情念了谁
-1|20161102115345|59|191|一番思量，谁是谁的谁
-1|20161102115345|59|192|告群友：以车会友，论道吉利
-1|20161102115345|59|193|求同存异，开心为上
-1|20161102115345|59|194|车不是生活的全部，什么车都是浮云，重要的是善待自己，善待所有的人，善待生命
-1|20161102115345|59|195|请文明聊天，杜绝谩骂
-1|20161102115345|59|196|杜绝恶意攻击
-1|20161102115345|59|197|杜绝暴力、血腥、黄色图片
-1|20161102115345|59|198|（否则，谢绝入群
-1|20161102115345|59|199|）???请在汽车之家有ID的热心车友，愿意为本地区车友服务的热心车友跟帖报备本地区QQ群号
-1|20161102115345|59|200|欢迎大家加入汽车之家全球鹰GX7车友交流群加群的车友请记住：进群后改马甲：马甲=地区+论坛ID（不合作的谢绝入群）?自行修改群名片，日不聊夜事
-1|20161102115345|59|201|不要发布涉及和谐内容的事
-1|20161102115345|59|202|禁止发布广告、露点、不雅照
-1|20161102115345|59|203|有违规者,T
-1|20161102115345|59|204|?欢迎车友加入
-1|20161102115345|59|205|期待全球鹰GX7尽快上市
-1|20161102115345|59|206|?全球鹰GX7车友交流VIP群：（204663675）?新开
-1|20161102115345|59|207|全球鹰GX7车友交流1群???（112777147）?满??全球鹰GX7车友交流2群???（112778237）?满?全球鹰GX7车友交流5群：???217149494??（新开，可以加）???
-1|20161102115345|60|208|朋友说车到了，我3:00才去，搞好了5:00了，照片也没拍，就开会家了，几个同学知道就来我家吃饭，现在刚喝完酒
-1|20161102115345|60|209|照片过几天在拍，潜水好久了，先在逍客，后来智跑
-1|20161102115345|60|210|最终买的智跑
-1|20161102115345|61|211|我的车现在上了105方向盘就开始有抖动，110的时候就跟厉害就不赶再提速了，请教大家，4轮定位和动平衡做了2次了，大概出了什么问题
-1|20161102115345|62|212|新皇冠的氙灯是单光的还是双光的
-1|20161102115345|63|213|各位C30的追随者，你们的机油尺拔出来时放进去有卡的感觉吗
-1|20161102115345|63|214|我拔出来时机油尺上线总是弄到机油，看不出机油在上线和下线之间，你们的是这样吗
-1|20161102115345|64|215|昨晚北京下了一场雨雪，今早晨雪花覆盖了小窝窝一身，按照原则我就把挡风玻璃的雪大致清了下，发动汽车热风吹前后档，可是在发动汽车的时候仪表盘出现了异常，见下图，cs真够灵敏的
-1|20161102115345|64|216|下车把正中的雪清了一下，重启后就正常了，着实吓了我一跳
-1|20161102115345|64|217|有人和我一样吗
-1|20161102115345|65|218|一：烧烤材料可根椐喜好配备，肉串，脆骨，骨肉相连，鸡翅尖，羊肉，香菇，黄瓜，土豆，茄子，鸡爪，金丝鱼片（干），卤藕片，韭菜，菜芯，油麦菜，小馒头，玉米，花菜，猪硬喉，火腿肠，河虾，鹌鹑蛋
-1|20161102115345|65|219|个人建议可除去或减少土豆与韭菜，花菜等素菜对烧烤技术含量要求较高的材料，经验告诉我们此等材料非专业人士烧烤素食不是烤糊烤黑就是烤成菜干
-1|20161102115345|65|220|至于材料的来源，有三种方案，其一：森林公园对面的中百超市购买串好材料
-1|20161102115345|65|221|二：自行到菜市场买材料，自行串好
-1|20161102115345|65|222|三：在楼下附近烧烤店定购
-1|20161102115345|65|223|在这里建议用第三套方案，因为烧烤店的材料都是提前腌制好的，直接刷油烤熟即食，不用担心因过咸过辣过苦而中毒身亡
-1|20161102115345|65|224|再就是在烧烤店预订好的材料可在当晚准备好，不用再等第二天到了森林公园后再急急忙忙排队购买
-1|20161102115345|65|225|而且预订材料的费用相对中百超市来说要便宜很多
-1|20161102115345|65|226|在这里要注意的是在预订烧烤材料的时候最好向店主索要一些调料，还有木炭
-1|20161102115345|65|227|因为木炭在森林公园烧烤区里卖得很贵而且不经烤
-1|20161102115345|65|228|还有烧烤的最好能问清楚什么材料要放什么调料，因为哪些材料有没有腌制你不清楚，就光写清单是没有用的，就好比战场上打仗时不会有人再去翻书一个道理
-1|20161102115345|65|229|二：超市自选材料可根椐自身情况选购，主要为零食，主食，副食
-1|20161102115345|65|230|这里提供的超市自选零食建议为：瓜子，开心果，蜜枣，薯片，卤干子，酸奶，糙米卷，皇冠绿豆糕，寿司卷，牛肉干，小鱼干，徐福记，青枣，圣女果，香梨等等，经验告诉我们这些零食较受欢迎并极能打发时间
-1|20161102115345|65|231|必备副食有：可乐，果粒橙，农夫山泉，啤酒，色拉油（1.8升），一次性碗、盘、筷子、杯子、桌布（旧报纸），抽纸，卷纸，湿纸巾，打火机
-1|20161102115345|65|232|这里提示一下，水一定要多买几瓶，因为你在森林公园烧烤时有时候会离水池很远，而且卖水的商店也不一定离你很近，无论是洗手还是解渴都不是很方便，至于为什么抽纸和卷纸要分开买这就有考虑到节约的问题了，抽纸可以只买一包，擦嘴擦手够用即可，卷纸就涉及到擦桌子，扛烤炉时用来包住把手等等，这里提示一下一定要在准备材料的时候准备带上几份旧报纸，无论是升火还是垫桌子都很有必要，特点是升火之用，非专业人士对报纸的消耗之大可见一般，还有一点请注意，千万不要在超市买烧烤用的刷子与刀具或者调料之类的，因为这些工具森林公园内租炉子的地方都会有配送，调料先开始在预计烧烤材料时应已向店主索要，这里就不再多提
-1|20161102115345|65|233|三：消遣材料可根据人数自行安排，提供选择的有：羽毛球拍，风筝，扑克牌，麻将，相机，活动四方桌，帐篷（预防下雨用），野餐布，拨河绳，毽子，小板凳等等
-1|20161102115345|65|234|四：门票价格及注意事项每个时期的票价都不一样，平时就是十块钱，学生证半价，这里提示如有学生证的请带上学生证，如果是借的学生证最好提前换上照片，如是过期的学生证请注意改好日期，森林公园忙时不查照片，闲时就查得很严了
-1|20161102115345|65|235|当然年龄较大的能借到个研究生或博士生的证明也是可以的
-1|20161102115345|65|236|开车去的可以直接从侧门进，步行的可从正门入，正门有观光车五元/人，小巴士2元/人
-1|20161102115345|65|237|一路上的小商店就不需要光顾了，多数卖的是什么木炭调料之类的，炉子也不要在路边买，烧烤区里面有租的35元/个，这里再提示一下，租炉子时送的铁钎子如果不用最好收好，还炉子的时候要一起还，否则会收此为由多收费
-1|20161102115345|65|238|五：时间安排所有的材料最好提前一个晚上准备好，如果遇上双休一定要提早出门，早上10点钟按时到森林公园门口，太早去的话排队买票的人很多，太晚去好位置都被人占满了，不过考虑到每人居住的路程不一样可适当调整
-1|20161102115345|65|239|逢节假日乃高峰期，露营烧烤最好离烧烤区稍远一点，可以在山坡找块平地，不然都挤在一块儿会被烟直接熏晕过去
-1|20161102115345|65|240|结束时间最好控制在下午四点左右，太晚遇上车流高峰期就会耽误晚饭时间
-1|20161102115345|65|241|(转载请注明：mecia原创)
-1|20161102115345|66|242|本人30岁儿子6岁了，夫妻两个月工资6800
-1|20161102115345|66|243|有5万的存款想买辆12款F3手豪或縢翼C30本人在外地住厂里就想买辆车开开，请问各位我的情况可以买吗
-1|20161102115345|68|244|怎么我设置完头像，再次登陆时头像老消失啊
-1|20161102115345|69|245|我的新阳光划花了，要花250块钱
-1|20161102115345|69|246|才搞掂
-1|20161102115345|70|247|就是一土洋结合的产物，洋气中带着土气，可谓土中精品，洋中精华，用起来很实惠，开起来很舒坦个人觉得一款经典的国民车是这样的，朴实无华但又不失美感，便宜实用又不缺质感工艺，与P民们有相当的亲切感，好比早期的甲壳虫，mini，豆腐店的AE86，德国满大街的GOLf，伦敦个性的taxi，还有老美的pickup，贴近大众的产品定位，亲和的设计与不错的质量造就了它们不凡的保有量，开着这些车，感觉很贴近生活，生活也变得轻松多彩，于是它们也就被众人赋予文化与灵魂，成为历史的一部分车这玩意，大物件，要好好保养，为我所用，但也别让它成了生活中的负担各位TX，你们觉捏
-1|20161102115345|70|248|?
-1|20161102115345|71|250|，车停在那里挂上档踩住离合声音也小，?就这症状，求解，?问题有多大，不修它行不行
-1|20161102115345|72|251|网上关于e300优雅音响的说法很多，有的说支持dts?5.1的有的说没有的，电话ssss店开始说卡顿的L7,支持dts
-1|20161102115345|72|252|但是十分钟以后又来电话说，顶配的是卡顿的，优雅的不是，至于什么牌子他们也不知道，要向北京奔驰确认，但是后来就没有来过电话，也没有消息了，有没有哪位有比较确切的说法
-1|20161102115345|72|253|先谢了
-1|20161102115345|72|254|??
-1|20161102115345|73|255|http://club.autohome.com.cn/bbs/thread-c-2123-14642270-1.html（51、52、56楼）
-1|20161102115345|74|256|今天我的2.4P跑跑上底盘装甲，当升降机把跑跑托起来后，我被眼前2.4版本的四驱传动系统的材料镇治了，真的很是强悍
-1|20161102115345|74|257|开跑跑爬沟过坎的信心指数倍增啦，不说啦，上图
-1|20161102115345|74|258|一直以来为我台跑跑奔忙的4S店阿平小伙子，辛苦啦我购车的店：广东阳江德诚起亚4S店
-1|20161102115345|76|260|由于自己干了点小买卖，需要给客户送点货，同时还得出去跑跑业务啥的，所以狠了狠心把我的1.2乐骋转给别人了
-1|20161102115345|76|261|08年9月26日提的车，跑了7万公里，没有一点大小事故，车况那是相当的好
-1|20161102115345|76|262|买主从看车到成交没用了30分钟，都是痛快，直爽的人
-1|20161102115345|76|263|成交价4万2.心疼啊~~~~~一晚上没睡着
-1|20161102115345|76|264|卖车的第二天，也就是昨天直接去济南利航风行店提了一辆1.6的菱智
-1|20161102115345|76|265|然后从经十路横跨济南市区，一路裸奔向东，行驶80公里安全到家
-1|20161102115345|76|266|之前一直关注这车，在1.6和2.0之间犹豫，在淄博本地分别试驾了两种排量的车型，感觉1.6噪音太大，劲头太小，所以决定上2.0基本型，就是指导价83800的那款
-1|20161102115345|76|267|可是淄博经销商太黑了，把原车的CD换成了DVD导航，竟然要价89800，只能优惠3000保险，最后没谈得来，立刻坐大巴直奔济南
-1|20161102115345|76|268|因为济南就一台老款的2.0库存车，是11年3月的，最后定价80000.我看到内饰脏，里程表线也没按，谁知道那车跑多少了，于是决定看1.6的，正好一批是15号刚到的，看重一辆上香槟金下深灰的车，试了试，明显比在淄博试的1.6好很多，感觉和2.0的差不多
-1|20161102115345|76|270|于是果断决定就要它了，1.6豪华版，74800优惠500，送垃圾的座套和胶垫
-1|20161102115345|76|271|今天先来通报一声，等挂好牌，办完手续，闲下来我在上篇正儿八经的提车作业
-1|20161102115345|76|272|?
-1|20161102115345|77|273|汽车在中国的普及已经渐成气候，很多车主也由准车主跃升为车主一族，不过对于这些新车主来说，仍然是有些知识可能会存在误解的，以下11个误区，看看自己都正确理解发哪一些
-1|20161102115345|77|274|误区一：轿车二档起步轿车变速器设计偏重于速度
-1|20161102115345|77|275|如果勉强用二档起步不仅会增加发动机的负荷，而且会导致离合器早期磨损，所以轿车无论排量多少，都应一档起步
-1|20161102115345|77|276|误区二：加档超车驾车者普遍认为高档位速度较快，所以在超车途中升上一档
-1|20161102115345|77|277|事实上车辆的前进一定是靠引擎所发挥的扭力，高档位扭力较小，油门反应迟钝，加速度反而减慢，所以正确超车应该减慢一档，自动波只须将油门踩到底，变速器便会降低一档，以提供足够的扭力
-1|20161102115345|77|278|误区三：转弯同时刹车转弯时汽车重心移向外侧，此时刹车会加重侧倾，造成单边制动，若速度过快，或刹车过猛，则有翻车危险
-1|20161102115345|77|279|正确做法应在进入弯道前减低车速换入低挡，入弯后，缓慢加油车身才能保持平稳姿态
-1|20161102115345|77|280|误区四：反手打方向盘老款汽车中，方向盘较重，反手打方向盘比较省力，而新款汽车这样*作比较危险，反手打方向时，若车轮轧到障碍物会突然反跳，手腕会受到严重伤害，所以要养成良好的习惯(一般左手放9或10点位置，右手对应放3点或2点位置，一只手上推、另一只手就下拉的方式接力转动方向盘)，不要交叉手，反手打方向盘
-1|20161102115345|77|281|误区五：先踩离合器后刹车有人认为刹车前应切断动力，刹车会更有效，这是严重的错误
-1|20161102115345|77|282|因为踩下离合器，发动机转速迅速降低到怠速，合进气管总的真空度降低，真空助力器的辅助力大大降低，刹车距离反而变长
-1|20161102115345|77|283|正确的操作，应先踩下刹车，当车速降低至接近停止时再踩
-1|20161102115345|77|284|误区六：下坡空档滑行有些车主在下坡时，为图方便，就挂空档滑行，仅以刹车来控制速度，这肯定存在危险隐患，如果是在一个长距离坡位这样做的话，刹车系统会因过热而突然失灵，导致事故发生
-1|20161102115345|77|285|正确的做法是根据实际车速挂上合适的档位，让发动机制动，偶尔辅以刹车，这样既安全又延长刹车的寿命
-1|20161102115345|77|286|误区七：放空档可以省油化油器车放空档是可以省油，但是电喷车则不一定省油，因为有些车在加速中松开油门，喷油系统停止供油，当发动机转速降至2000转时恢复供油，所以电喷车高速带档滑行时会省油，放空档反而费油
-1|20161102115345|77|287|误区八：磨合期车速越慢越好磨合期是要一段时间内将摩擦部件的配合间隙磨到一个合理的范围，才能实现较好的润滑
-1|20161102115345|77|288|若磨合期发动机转速过低，则曲轴连杆轴瓦承受的冲击较大，转速过高则汽缸壁容易拉伤，造成早期磨损，所以磨合期应参照发动机转速而不是车速，汽油发动机转速在2000-3000转之间，柴油发动机在1000-2000转之间
-1|20161102115345|77|289|误区九：高档位小油门比较省油这种做法发动机易发生爆震，燃油爆发的力量不能完全做功，并冲击连杆机构，造成早期磨损，则于低转扭力不足，加速无力，反而耗油会有增高的可能，最佳的节油而又保护发动机的方式是在最大扭矩转速偏低的区域工作可能得到最大的动力和最好的节油效果
-1|20161102115345|77|290|误区十：汽车启动预热10分钟汽车启动前预热，能使机械部件得到较好润滑，减少摩擦，延长使用寿命
-1|20161102115345|77|291|但预热时间不宜过长，能使润滑油到达所需润滑部位即可，一般建议5-8秒
-1|20161102115345|77|292|时间过长，只会造成油耗和发动机磨损大
-1|20161102115345|77|293|误区十一：抗磨剂可延长机油寿命抗磨剂抗磨性能越好，抗氧化性却越弱，使用量越多反而机油受损越大
-1|20161102115345|78|294|各位前辈大家好，新人报道，第一次发贴，请多关照
-1|20161102115345|78|295|从回家做小生意后，每天见到最多的不是人，而是车，从此以后我认识并记住了很多车，没事时也经常在浏览汽车论坛，去年看中了风去2，偶然中发现C30，就开始迷上了这一款车
-1|20161102115345|78|296|我的情况如下：1，我也在三级城市，月收入在8000-15000/月
-1|20161102115345|78|297|目前收入稳定
-1|20161102115345|78|298|2，去年结婚，今年当爸爸了，老婆在家带孩子
-1|20161102115345|78|299|3，市内有单门单院的房子，县城父母有单位分的房子
-1|20161102115345|78|300|所以目前不用买房
-1|20161102115345|78|301|4，母亲有职工退休1000多元，父亲下岗后在外面做事，年收入3万元左右，两年后可拿退休金
-1|20161102115345|78|302|5，目前存款8万，请各位帮我分析一下合不合适买小三
-1|20161102115345|78|303|一直在犹豫的是，自己做的这个小生意很繁琐，目前请了两个人帮忙，但我还是不能离开店子，根本没有时间开车，平时也不去什么地方，只是老婆是湖南人，我是湖北人，过年时才会出一趟远门，担心卖了后不怎么用，岂不浪费，而且还会贬值，所以一直在犹豫啊
-1|20161102115345|79|304|93号汽油重庆8元/升
-1|20161102115345|80|305|既然咱买的是自主品牌，那实现5+2我们也来个自已做主吧
-1|20161102115345|80|306|我想过年回家人多就这么干
-1|20161102115345|81|307|"?成为优秀驾驶员开车必备技巧，你有几中技巧呢
-1|20161102115345|81|308|【原创:qi2h?2012-03-1113:04??只看楼主(-1)??淘股论坛浏览/回复66??复制分享】??????????????新手必读，实在又实用???????????????教你如何判断左右前后车距?????????????????我们在开车的时候需要知道自己的车子在公路的什么位置，车身离边线还有多远，离中心线多远
-1|20161102115345|81|309|新手在判断车子位置时往往拿捏不准
-1|20161102115345|81|310|???????????通过几个图片试图说明如何判断车的位置，仅供参考
-1|20161102115345|81|311|驾驶车辆不同判断可能有些误差这要自己总结经验
-1|20161102115345|81|312|??????????????1、左轮位置的判断???????????我们需要知道左轮会从什么地方压过，用以避免轮胎压到实线，或者规避路上的坑洞石块等
-1|20161102115345|81|313|???????????当我们的视线通过左雨刮器突起的结点和地面上的物体重合时，我们的左轮在行进时就会在该物体处压过
-1|20161102115345|81|314|???????????比如在下图中我们通过雨刮器结点和地面中心线重合，那么轮胎就会从中心线上压过???????.??????????????左轮压住了中线?????????????????????2、离中线60公分行驶??????????当我们正常行驶时，离中心线60公分是比较安全的
-1|20161102115345|81|315|??????????当我们的视线通过棉板和A柱的交角和中线重合时，车身正好离中线是60公分
-1|20161102115345|81|316|???????????????????????????????????车身离中线60公分?????????????????????3、判断右轮的位置???????????当我们视线通过右雨刮器和目标相交时，轮胎会从该目标上压过?????????????????????右轮已经压线???????????????????????????????????4、右侧离路边60公分行驶???????????当右喷水器和路面边目标重叠时，车身离路边还有60厘米
-1|20161102115345|81|317|????????????????????????????离路边还有60厘米?????????????????????5、右方靠边停车???????当右雨刮器结点和路边重合时，方向稍向左拉，就可以达到离路边10厘米靠边停车的效果???????????????????????????????????离路边10厘米?????????????????????????????????????如何判断轿车前端与人的距离以及与前车的距离
-1|20161102115345|81|318|??????????????判断轿车前端与人的距离：???????以轿车为例，假设前方有一个身高1.7至1.8米左右的人，脚面高在10厘米左右，膝盖高在45厘米左右，臀部在70厘米左右
-1|20161102115345|81|319|??????????????1、当你看到车前端由地面向人体脚面或脚跟上移并停留此处时，车前端与人体之间的距离为3米
-1|20161102115345|81|320|???????????2、当你看到车前端升高到人体膝盖高度处时，车前端与人体距离为1米
-1|20161102115345|81|321|???????3、当你看到车前端升高到人体臀部下端时，车前端与人体之间的距离为0.3米
-1|20161102115345|81|322|???????判断前车距离：???????1、从挡风玻璃下沿看到前车保险杠上沿时约一米；??????????????2、从挡风玻璃下沿看到前车保险杠下沿（人的脚膝盖）时约两米；??????????????3、从挡风玻璃下沿看到前车后轮胎下沿（或看到地面）时约三米；??????????????4、左后视镜下缘看到的相对地面的横线就是自己车头位置
-1|20161102115345|81|323|??????????????右后视镜判断后车距离：???????1、后车影占后视镜全部时，车距约3米；??????????????2、后车影占后视镜三分之二时，车距约5米；??????????????3、后车影占后视镜二分之一时，车距约9米；??????????????4、后车影占后视镜三分之一时，车距约12米；??????????????5、左后视镜看到后轮盖罩中间（后门手握柄、车身横线或后视镜底线反射）相对地面就是车尾位置
-1|20161102115345|81|324|???????6、通过车内后视镜透视过后窗挡风玻璃下沿判断后车距离：若看到后车大灯上缘,则后尾箱距后车为三米半左右；若看到后车机仓盖与前挡玻璃交界处，则后尾箱距后车为一米；若看到后车前挡玻璃的水平三分之一，则基本靠上了
-1|20161102115345|81|325|??????????????判断车辆位置（车轮位置、前后位置）：???????1、判断路边在挡风玻璃中的位置（左轮在挡风玻璃左柱往右10-15cm位置；右轮在挡风玻璃中心线往左5-10cm位置）；离路边距离可以从后视镜看到
-1|20161102115345|81|326|??????????????2、判断右轮位置（车头中部或右雨刮器）：在车头盖板右边三分一处的相对地面
-1|20161102115345|81|327|??[size=3]以下才是车子上路应变技巧，希望大家细细看完对你可能有益
-1|20161102115345|81|328|?一、开车技巧???????行车安全的基础是技术和经验???????1、上车先看车???????上车前绕车转一圈，看车的外况、轮胎、车底下有没有漏油漏水
-1|20161102115345|81|329|一个星期还得揭开盖子检查一次机油、冷却水、刹车油
-1|20161102115345|81|330|???????2、点火步骤???????拉紧手刹（防备滑动），离合器踩到底，空档，不踩油门（加速踏板），转动钥匙到Ⅱ档后停6秒钟，让汽车电子系统上电自检，启动润滑系统，然后继续转动钥匙到Ⅲ档点火
-1|20161102115345|81|331|点火成功后，挂一档、松手刹、慢抬离合、加油、出发
-1|20161102115345|81|332|???????3、开车先热车???????电喷车几乎不用热车
-1|20161102115345|81|333|这里热车是指启动润滑系统
-1|20161102115345|81|334|停车超过3小时，发动机点着火后，怠速10秒以上，转速表下降到1000左右，再发车
-1|20161102115345|81|335|北方严寒天气适当延长怠速热车时间
-1|20161102115345|81|336|???????4、一档起步???????轿车变速器设计偏重于速度
-1|20161102115345|81|337|如果勉强用二档起步不仅会增加发动机的负荷，而且会导致离合器早期磨损，所以轿车无论排量多少，都应一档起步
-1|20161102115345|81|338|???????5、平稳换档???????换档要做到两点：一是车速达到了所换档位的车速范围；二是抬离合器时，抬到“联动点”处暂停（不是慢，而是停
-1|20161102115345|81|339|），同时稍加油，感到车有向前的力量了，再轻抬离合器
-1|20161102115345|81|340|这样操作，平稳、顺畅、不抖动
-1|20161102115345|81|341|???????6、踩准脚刹???????为了保证紧急关头踩准脚刹，一定要固定右脚跟的位置
-1|20161102115345|81|342|以脚跟为园心，脚掌向前踩脚刹，向右踩油门
-1|20161102115345|81|343|平时只要路面略微有情况，右脚掌立刻放到脚刹踏板上，进入准备状态，确保万无一失
-1|20161102115345|81|344|???????7、带档刹车???????加油时发动机产生牵引力，带挡刹车时发动机产生制动力，并且能控制两个驱动轮同步，防止刹车时跑偏
-1|20161102115345|81|345|特别重要的是，空档时刹车助力器的辅助力会大大降低
-1|20161102115345|81|346|所以任何情况下都要带档踩刹车，当车快要停下时，再踩下离合，退到空档，以防憋灭火
-1|20161102115345|81|347|???????8、刹车先看后视镜???????刹车前要看一下后车距离，如果太近，并且自己与前车还有一定的距离，就稍微松一点刹车，避免后车追尾
-1|20161102115345|81|348|???????9、时刻掌握脚刹状况???????上路提速前轻点一下脚刹，行驶时间长了轻点一下脚刹，下坡前轻点一下脚刹，接近路口、道口前轻点一下脚刹
-1|20161102115345|81|349|做到时时掌握脚刹状况，一旦发现异常，立刻用减档和手刹减速停车
-1|20161102115345|81|350|???????10、公交车站有危险???????公交车靠边进站后，经常有乘客下车后急急忙忙向马路对面跑
-1|20161102115345|81|351|个别公交出站时不打转向灯，突然上路
-1|20161102115345|81|352|???????11、前车突然让路有危险???????正常行驶中，前车突然让路，千万不要往前超车，前面可能发生紧急情况
-1|20161102115345|81|353|???????12、不要靠近路边停着的汽车???????停在路边的汽车随时可能打开车门，在行驶时要与路边的任何汽车保持一个安全的距离
-1|20161102115345|81|354|如果避让不开，鸣笛提示后减速通过
-1|20161102115345|81|355|???????13、向路的中间靠???????在双向混行车道行驶时，尽量离路边的自行车和行人远一点，往路的中间靠，因为对面的车彼此能看到，而路边行人和自行车是背对你的，一定要保持安全距离
-1|20161102115345|81|356|???????14、超车减档提速???????行驶中超车，要当机立断，不可犹豫拖延
-1|20161102115345|81|357|看准空位子，迅速提高车速超车
-1|20161102115345|81|358|如果车的负载较重，要减一个档位后加油，增大发动机的牵引力，实现超车
-1|20161102115345|81|359|超车肯定费油、费车，徒增危险，能不超最好不超
-1|20161102115345|81|360|???????15、不能超车的5个地方???????在非高速公路上行驶时：①弯道不能超车，②坡路不能超车，③过桥不能超车，④前方有路口、道口不能超车，⑤对面200米以内来车不能超车
-1|20161102115345|81|361|???????16、不要跟车的4个地方???????①不要跟在外地车后面，突然停车问路，②不要跟在长客车后面，突然停车捡人，③不要跟在出租车后面，突然招手急停，④不要跟在大货车后面
-1|20161102115345|81|362|突然警察叫停
-1|20161102115345|81|363|???????17、过路口一定要减速观察???????过所有的路口都要提前减速，是绿灯也要减速
-1|20161102115345|81|364|防备横向路面来车闯红灯高速强行通过路口，如果你正走到路口中央，如何躲避
-1|20161102115345|81|365|大家都看过央视播出的交通监控录像了吧
-1|20161102115345|81|366|越是夜间越危险
-1|20161102115345|81|367|???????18、路口左转绕大弯???????汽车在路口左转弯时，很多驾驶员有抄近走的习惯，把车直接开过去，占了左边的车道
-1|20161102115345|81|368|如果左边车道有车急行，就有危险
-1|20161102115345|81|369|???????19、过弯道规则???????进弯道前先减速，弯道过半后再加速，又快又稳
-1|20161102115345|81|370|如果入弯过快，然后又踩刹车，很容易甩尾或侧翻
-1|20161102115345|81|371|???????20、谨慎鸣笛???????突然鸣笛，可能使过路行人惊慌失措，乱跑乱撞
-1|20161102115345|81|372|特别是有小孩过马路的时候
-1|20161102115345|81|373|应该减速慢行或停车等待
-1|20161102115345|81|374|???????21、看不见就鸣笛???????行驶中只要视线受阻，看不见前方路况，比如在道路的拐弯处有高楼高墙，有建筑围栏遮挡，或在山路急转弯处，必须减速、鸣笛
-1|20161102115345|81|375|必要时还要打远光，提示对方避让
-1|20161102115345|81|376|要防备那里突然跑出人或汽车
-1|20161102115345|81|377|???????22、高速紧急，只踩刹车???????高速行驶时转向极其灵敏，略动一点就产生很大转向
-1|20161102115345|81|378|如果发生紧急情况，用习惯手法打方向盘，相当危险
-1|20161102115345|81|379|所以，高速行驶中突发紧急情况，宁肯只踩脚刹减速，不要乱打方向盘再增加危险
-1|20161102115345|81|380|???????23、高速公路的积水???????大雨后高速公路上常有积水，如果躲不开，通过时用力握紧方向盘，保持匀速直线行驶
-1|20161102115345|81|381|千万不要有转向和刹车的动作
-1|20161102115345|81|382|???????24、下坡带档???????下大岭、下大坡时，不能长时间使用脚刹减速，因为刹车片会发热、损坏、失效
-1|20161102115345|81|383|应该事先选挂低速档3档或2档，限制速度下坡
-1|20161102115345|81|384|???????25、延时熄火???????汽车长时间高速行驶发动机处于高温状态，这时停车后立即熄火，将对发动机有伤害
-1|20161102115345|81|385|正确的熄火方法是，让发动机在怠速状态下运转二分钟左右再熄火
-1|20161102115345|81|386|???????26、方向盘锁死???????“方向盘锁死”现象是一种保护功能
-1|20161102115345|81|387|在停车熄火拔出钥匙后再转动方向盘，则方向盘被锁住，具有简单的防盗功能
-1|20161102115345|81|388|解除的方法是插入点火钥匙，扭动钥匙点火的同时转动方向盘，则自然解锁
-1|20161102115345|81|389|???????27、拉高转速???????发动机是按照较高转速设计出来的，如果长时间低速工作，会造成燃烧不充分，加速积碳，进一步造成燃烧不充分
-1|20161102115345|81|390|行车时不妨常常拉拉高转速，让高温烧掉积炭
-1|20161102115345|81|391|???????????????????????????????二、停车技巧???????停车有技术，也有艺术
-1|20161102115345|81|392|???????1、停车的基本原则???????停车要考虑自己进出方便，还要考虑别人进出方便，更要考虑可能发生的意外情况
-1|20161102115345|81|393|???????2、等信号停车???????一分钟以上的等信号停车，应该熄火，符合节油、环保
-1|20161102115345|81|394|一分钟以内等信号停车，可以不熄火、空挡、拉手刹，但是千万不能带档
-1|20161102115345|81|395|???????3、路边暂停要打转向灯???????在路边暂时停车时，一定要提前打开转向灯，并且观察后视镜，确定没车、没行人时再靠停
-1|20161102115345|81|396|停车地点必须是允许停车的，又不影响其他车辆和行人通行
-1|20161102115345|81|397|???????4、路边起步要打转向灯???????靠路边暂停后又要开车时，要全面观察路况
-1|20161102115345|81|398|不仅看后视镜，还要转过头看
-1|20161102115345|81|399|一切正常后，打开转向灯，鸣笛、上路
-1|20161102115345|81|400|???????5、路上暂停别跟前车太近???????堵车或等信号灯停车时，至少要留出可以一把掰出去的距离，以防前车故障，自己也被夹在中间出不来
-1|20161102115345|81|401|???????6、车头朝外???????无论在哪里停车，尽量车头朝外停，一是走的时候方便，二是有防盗功能
-1|20161102115345|81|402|偷车贼如果只有偷一辆车的机会时，偷车头朝里的
-1|20161102115345|81|403|???????7、车停明处???????走亲访友夜晚临时停车，要选明亮、宽敞、无障碍、视距远的地方停，千万不要往阴暗的角落里藏
-1|20161102115345|81|404|长时间或整夜停车一定进车场
-1|20161102115345|81|405|???????8、高楼窗下不安全???????有人从楼上往下倒垃圾、摔瓶子，刮大风时楼上花盆、广告架会掉下来，停车要离开这些危险区，比如停在没有窗户的楼堵头山墙下边
-1|20161102115345|81|406|???????9、车里别放什么东西???????车内物品收藏好，从车外能窥见的部位不能有他人感兴趣的东西
-1|20161102115345|81|407|放了一个空皮包，可能被砸碎风档玻璃
-1|20161102115345|81|408|???????10、路边顺向停车技巧???????路边顺向只有一个车位时，只能选择倒车入位
-1|20161102115345|81|409|方法：向前开，让自己的车尾与前车尾对齐
-1|20161102115345|81|410|两车相距1米，停车
-1|20161102115345|81|411|原地往右打足方向盘，成45°角慢退
-1|20161102115345|81|412|当自己车头与前车车尾成一直线时，迅速将方向盘向反方向打足，慢退，车就基本能停好了
-1|20161102115345|81|413|???????11、路边横向停车技巧???????车向前开到自己的车尾与右边汽车车头的右侧成一直线，两车相距1.5米
-1|20161102115345|81|414|原地向右打足方向盘，慢退
-1|20161102115345|81|415|当车尾进入档口后，快速回正方向盘，并且迅速观察左右两个后视镜，调整车的左右距离
-1|20161102115345|81|416|以两侧的车或地面划线为参照，摆正方向，退到停车位
-1|20161102115345|81|417|（“打足方向”，是最大量的意思
-1|20161102115345|81|418|液压助力打到底的时间不要超过15秒
-1|20161102115345|81|419|平时一般用不了这么长时间，如果打到底用的时间长了，可往回带一点，然后再打，反复操作
-1|20161102115345|81|420|）???????12、停车场内停车???????停车场内往往是倒车入位，车头朝外
-1|20161102115345|81|421|???????13、高速公路停车???????特殊情况下需要停车，要停在最右侧应急车道内,并开双闪灯，三角牌放在车后150到200米处，一定不要偷懒，50米以内等于没放
-1|20161102115345|81|422|如果前方有情况需要排队停车时,所有人员要暂时离开车辆，撤到护栏以外，以防后面来车追尾
-1|20161102115345|81|423|???????14、上坡路边停车???????如果路边有路沿，将车驶近路沿，前轮向左打一定角度，停车、熄火、挂1挡、拉紧手刹
-1|20161102115345|81|424|让右前轮后部接近或紧靠路沿，防止汽车沿坡倒滑
-1|20161102115345|81|425|???????如果路边没有路沿，将前轮向右打一个比较大的角度，避免汽车沿坡倒滑后驶入道路中央
-1|20161102115345|81|426|如果路边有可用的砖石，检过来塞上
-1|20161102115345|81|427|离开时别忘了送回原处
-1|20161102115345|81|428|???????15、下坡路边停车???????如果路边有路沿，将车驶近路沿，将前轮向右打一定角度，让右前轮前部接近或紧靠路沿，防止汽车沿坡顺滑
-1|20161102115345|81|429|然后停车、熄火、挂倒档，拉紧手刹
-1|20161102115345|81|430|???????如果路边没有路沿，将前轮向右打一个比较大的角度，避免汽车沿坡顺滑后驶入道路中央
-1|20161102115345|81|431|如果路边有可用的砖石，检过来塞上
-1|20161102115345|81|432|离开时别忘了送回原处
-1|20161102115345|81|433|??????????????????????????????三、使用车灯技巧???????汽车上所有的车灯都由电瓶供电，电瓶的电是汽油转化的
-1|20161102115345|81|434|无效使用车灯浪费汽油，损耗灯泡，损耗灯壳
-1|20161102115345|81|435|灯泡是易损件，应有备件，随时更换
-1|20161102115345|81|436|???????1、夜行照明灯，俗称""大灯""???????大灯有远光、近光两种形式
-1|20161102115345|81|437|在市区有路灯的道路上用近光，在无路灯道路或高速公路行驶时开远光
-1|20161102115345|81|438|通过路口或者超车时，交替变换远近光来提示
-1|20161102115345|81|439|???????2、夜行示宽灯，俗称""小灯""???????用来在夜间显示车身宽度和长度的，提示其他车辆和行人看到自己
-1|20161102115345|81|440|当你从后视镜看不清楚后边的时候，就该点亮小灯，包括下雨天
-1|20161102115345|81|441|???????3、转向灯???????应在转弯路口前100米左右时打开
-1|20161102115345|81|442|开得过晚会使后面尾随车辆、对面车辆、过往行人思想准备不足，忙中出错
-1|20161102115345|81|443|在红绿灯道口排队等待转向时，只要不是排第一，就不需要长时间闪烁，等车可以转弯移动时再闪不迟，否则费电费灯，跟在后面的司机晃得心烦
-1|20161102115345|81|444|???????4、刹车灯???????刹车尾灯用来告知后车要减速或停车
-1|20161102115345|81|445|如果有故障极易造成后车追尾事故
-1|20161102115345|81|446|刹车灯的双尾灯泡功率比一般小灯泡要大许多倍，会产生高温，长时间踩着脚刹，会让刹车尾灯长时间点亮，影响使用寿命，浪费电
-1|20161102115345|81|447|???????5、雾灯???????可以帮助驾驶员在雾天提高能见度，告示对面来车，互相避让，安全会车
-1|20161102115345|81|448|所以，雾天行驶一定要开雾灯，决不能用小灯取代
-1|20161102115345|81|449|雾灯的功率通常为55W/盏，与大灯相似，但散热空间远不如大灯
-1|20161102115345|81|450|所以，停车后一定立刻关闭，防止过热，烤坏灯罩
-1|20161102115345|81|451|??????????????????????????????四、省油技巧???????1、控制最佳转速???????行驶中，一般电喷车的发动机转数在2200－2500左右最合适
-1|20161102115345|81|452|不论在哪个档位，均保持发动机转数在2200-2500左右
-1|20161102115345|81|453|过低转速车走不动，耗油不走道，还伤发动机；过高转速增加无效油耗，也伤发动机
-1|20161102115345|81|454|???????2、保持最佳车速???????最省油的行车状态是匀速直线行驶，最省油的车速小排量车是时速60－80公里，中排量车是80-100公里0
-1|20161102115345|81|455|???????3、控制换档转速???????换档时要比正常行驶状态略微多加一点油，让转速表达到2500多一点
-1|20161102115345|81|456|如果低于2000转时换档，换档后速度还要往下降，有脱档的感觉，还得加油找回来，反而要多耗油
-1|20161102115345|81|457|???????4、不变道、不超车???????在路上一会儿变道，一会儿超车，一会儿急加油，一会儿急刹车，费油又费车，危险系数提高了好几倍，非常不值得、不必要
-1|20161102115345|81|458|自家车行驶时切记尽量不变道、不超车，保持中速、匀速行驶，安全省油
-1|20161102115345|81|459|???????5、不要狠刹车???????如果前面需要停车，应该提前收油，带档滑行减速，而不是冲到跟前狠刹车
-1|20161102115345|81|460|刹车实际消耗的是宝贵的汽油，刹的越狠，浪费的越多
-1|20161102115345|81|461|???????6、走好路，走车少的路???????如果想走的近路堵车历害，车速很低跑不起来，油耗反而很大，还不如找一条绕远但路面好的路，省油省车
-1|20161102115345|81|462|???????7、满胎压???????确保轮胎气压正常
-1|20161102115345|81|463|轮胎气压过高或过低，都会增加耗油量
-1|20161102115345|81|464|汽车轮胎的压力要严格按各车说明书的要求执行
-1|20161102115345|81|465|夏季为防止路面高热，特别是跑长途时轮胎发热，轮胎内气体膨胀，压力增加许多，可略减一点气压，减10％
-1|20161102115345|81|466|???????8、半箱油???????减轻车身重量，就是降低耗油量
-1|20161102115345|81|467|不要装了满满一箱油在市内跑近道，这就是“油耗油”
-1|20161102115345|81|468|考虑到汽油泵装在油箱里，靠汽油散热降温，所以如果不出远门，保持半箱油最好
-1|20161102115345|81|469|同时，车内一定精简，少一分重量，省一分油
-1|20161102115345|81|470|??????????????????????????????五、雪天驾驶技巧???????北方寒冷冬季的驾驶困难主要有两点，一是气温低，启动困难；二是路面滑，方向和刹车易失控
-1|20161102115345|81|471|气温在-20°C左右发动露天停放的电喷汽车，没有遇到过困难，但是接近-30°C，常常发动不起来，特别是电瓶电不足的时候
-1|20161102115345|81|472|???????1、上车前清霜雪???????上车之前清除汽车前后风挡、灯罩、后视镜上的霜雪，清理脚底的积雪
-1|20161102115345|81|473|重点是脚刹踏板不能沾上冰雪打滑
-1|20161102115345|81|474|再查看防冻液、机油、轮胎
-1|20161102115345|81|475|???????2、严寒天气发动汽车???????空档踩下离合，不踩油门，瞬时打火不打着，每次间隔10秒以上，最少打3次
-1|20161102115345|81|476|目的是启动润滑系统
-1|20161102115345|81|477|打着火以后，仍空档踩离合，怠速热车
-1|20161102115345|81|478|1分钟以后松开离合，若着不住，再踩一会
-1|20161102115345|81|479|直至着住火后，松开离合，继续怠速热车1－2分钟
-1|20161102115345|81|480|???????如果忙活半天还是打不着火，而且电瓶没电了，就别再打了，电瓶受不了啦
-1|20161102115345|81|481|有三种选择：一是借它车电打火，二是换电瓶，三是拖到维修部
-1|20161102115345|81|482|???????3、冰雪路面起步???????在又硬又滑的冰雪路面起步，挂2档，小油门，抬起离合器到联动处，略停一下，微抬起一点，车如果动了，继续抬起来，缓加油，走车
-1|20161102115345|81|483|如果车轮打滑走不起来，就踩下离合踏板，改挂1档，然后再抬再踩，让汽车前后晃动，逐渐扩大前后晃动的幅度
-1|20161102115345|81|484|几次后，看准汽车向前晃动时，抬起离合踏板，走车
-1|20161102115345|81|485|如果还是走不起来，那么看车后有多大距离，向后倒退一点，再试，往往都能成功
-1|20161102115345|81|486|最后，还是走不起来，就要清理驱动轮下的冰雪，或垫砂土等，麻烦一点了
-1|20161102115345|81|487|???????4、松软雪地起步???????刚下的松软积雪达到10厘米以上时，停车后再起步，也要挂2档，小油门，慢抬离合，慢慢起步
-1|20161102115345|81|488|要点是让车轮慢慢转动，千万不要转快了
-1|20161102115345|81|489|如果按通常操作，车轮会打滑空转，反而走不起来
-1|20161102115345|81|490|如果雪地打滑走不起来，就往后退一点再试
-1|20161102115345|81|491|实在走不起来，就要人推了，或者清理驱动轮下的雪，垫沙土等防滑物
-1|20161102115345|81|492|???????5、低速度???????行驶中，在没有把握的光滑路面，速度控制在20-30公里左右，进入有车辙的正常通行道路，时速可达40公里，见到除雪后的黑色路面，可正常驾驶，但要时时注意可能突然出现的冰雪
-1|20161102115345|81|493|???????6、缓加油???????在光滑冰雪路面行驶时，加油要轻、缓，加急了车轮空转打滑、方向失控
-1|20161102115345|81|494|???????7、不空档???????在冰雪路面行驶时，更不允许挂空档滑行
-1|20161102115345|81|495|特别是下岭下坡时，一定事先挂低速档，稳妥行驶
-1|20161102115345|81|496|???????8、巧减速???????在光滑冰雪路面行驶，从高速减为低速时，不能急收油、不能踩脚刹
-1|20161102115345|81|497|只能用逐步减档的方法来减速，利用发动机低速档的制动力进行减速
-1|20161102115345|81|498|速度很慢了才能收油、空挡、踩脚刹
-1|20161102115345|81|499|如果你不知道冰雪路面的刹车方法，抬起油门踩脚刹，后果不堪设想
-1|20161102115345|81|500|???????9、慢转向???????转向也要先减速，然后慢打方向盘，适当加大转弯半径
-1|20161102115345|81|501|转向操作要均匀和缓
-1|20161102115345|81|502|方向盘打急了不但不拐弯，反而使转向轮打滑，失去方向控制
-1|20161102115345|81|503|???????10、走沟槽???????车轮选择走冰雪路面上的顺向沟槽或车辙，起码有一个车轮走在沟槽或车辙里，以防侧滑
-1|20161102115345|81|504|大雪覆盖没有车辙的地方千万不能去
-1|20161102115345|81|505|???????11、保持距离???????在冰雪路面，汽车随时可能无规则打滑，应尽量远离其他人和车，防范未然
-1|20161102115345|81|506|???????12、打滑失控怎么办???????摆脱冰雪路面失控打滑状态，不是踩刹车，反而是点击油门，用间断加油提速的方法，让驱动轮找到作用点，恢复驱动能力，从而恢复汽车控制方向的能力
-1|20161102115345|81|507|??????????????????????????????六、雨天驾驶技巧???????雨天驾驶的危险主要有三点，一是雨水和泥泞使车轮打滑，二是排气管进水熄火，三是雨水使制动系统失灵
-1|20161102115345|81|508|???????1、雨中制动要提前???????泥水路面的制动距离最大的能达到正常路面的3倍
-1|20161102115345|81|509|雨天刹车不灵了，慢点悠，提早刹车
-1|20161102115345|81|510|???????2、不要降低胎压???????有人每逢雨季，就将胎压降低一些，希望增加轮胎和地面的接触面积防滑
-1|20161102115345|81|511|这样做恰恰适得其反!增加接触面积就降低轮胎单位面积对地面的压力，使排开轮胎与地面之间水膜的力量减弱，使轮胎更容易打滑
-1|20161102115345|81|512|因此，降低胎压不能防滑，增加胎压反而防滑
-1|20161102115345|81|513|???????3、地面未湿透时更容易打滑???????胎纹可以有效排开水膜，但是不能有效排开泥膜
-1|20161102115345|81|514|刚下雨时，路面的尘土还没有被雨水冲走，这些尘土吸收了雨水后，变成胶体状的泥膜，使轮胎更容易打滑
-1|20161102115345|81|515|所以在刚下雨、路面未湿透时也要当心
-1|20161102115345|81|516|???????4、视线不清要停车???????在大雨中开车视线不清是最大的隐患
-1|20161102115345|81|517|在暴雨中即使雨刷高速摆动，也无法拨开玻璃上的雨水，使你无法看清前方
-1|20161102115345|81|518|这时，你最好赶紧靠路边停车等待，同时打开双闪灯
-1|20161102115345|81|519|???????5、打雷不下车???????即使闪电击中汽车，电流会经车身表面传到地面，车内反而安全
-1|20161102115345|81|520|不过车窗一定要全部关紧，收音机的天线一定要收起来
-1|20161102115345|81|521|???????6、过积水路段???????路过积水路段时，观察其他车辆行驶的情况，确保避开深坑、闇阱等障碍物
-1|20161102115345|81|522|当积水淹没排气管时，还要防排气管进水
-1|20161102115345|81|523|为此，必须在入水前挂上低速挡，稳住大油门匀速直线开过去
-1|20161102115345|81|524|为防止排气管进水，入水后不能收油；为防止驱动轮失去牵引力，中途不得换档；为减少行进中的阻力，要保持匀速直线行驶
-1|20161102115345|81|525|如果因收油排气管进水憋灭火，甚至气缸进水，决不可再打火了，只能靠救援
-1|20161102115345|81|526|汽车经过积水路段或在暴雨中行驶后，制动摩擦片进水能使制动失效
-1|20161102115345|81|527|可采用低速行驶中同时踩油门和脚刹的办法，让刹车片发热排掉水分
-1|20161102115345|81|528|???????7、自动档汽车涉水技巧???????自动档汽车在水深超过排气管时涉水的要点和手动挡车相同
-1|20161102115345|81|529|具体操作是：挂2挡，右脚踩油门，固定较大的油量，直至出水前保持不变
-1|20161102115345|81|530|一旦需要减速，用左脚踩脚刹减速
-1|20161102115345|81|531|这样操作，尾气足不进水，可顺利驶过积水路段
-1|20161102115345|81|532|???????8、过泥泞地段???????路过泥泞地段一是防滑，二是防陷，所以必须按前车的车辙走
-1|20161102115345|81|533|进入泥泞地段之前先换低速档，中途不可换挡，要一口气匀速直线开出去
-1|20161102115345|81|534|中途换档车就会瞬间失去动力而停车，想再起步就难啦
-1|20161102115345|81|535|???????万一陷入泥泞，千万不要冒然踩油门，否则驱动车轮只会使车愈陷愈深
-1|20161102115345|81|536|如果没有其他垫车轮的东西，可将打滑轮胎的气放到快要扁了，使轮胎发软变形，增加抓地的摩擦力
-1|20161102115345|81|537|发动机启动后挂2档，半离合，加油，慢慢起步，大都能顺利通过
-1|20161102115345|81|538|???????若仅有一侧轮胎打滑，则轻拉手刹加大油门
-1|20161102115345|81|539|因手刹的作用，空转的车轮会停止转动，而另一边的车轮增加驱动力，这就有可能轻松地驶出泥泞地了
-1|20161102115345|81|540|??????????????????????????????七、外出防范技巧???????驾车远行有交通安全问题更有社会治安问题
-1|20161102115345|81|541|???????1、备份防失???????备用钥匙拴在身上，时刻不离身；有关证件均有复印件，分开放
-1|20161102115345|81|542|???????2、慎重加油???????只到中石化、中石油的加油站加油
-1|20161102115345|81|543|???????3、慎重吃住???????拒绝任何陌生人的食品、饮料，不接触陌生人的任何物品和香烟
-1|20161102115345|81|544|不在路边小店餐饮、住宿
-1|20161102115345|81|545|???????4、行车防抢???????正常行驶中遭遇故意碰撞事故,不要下车,锁上车门，手机报警，等待警察
-1|20161102115345|81|546|如果对方采取过激行为，应迅速驾车离开现场，继续报警
-1|20161102115345|81|547|???????行驶途中暂停或慢行时，锁好车门，升起车窗玻璃，以防盗抢
-1|20161102115345|81|548|常有不法之徒乘机向车内示意或敲打车窗，当驾驶员以为是车辆出现了问题下车检查时，不法之徒趁机将车内的财物盗走
-1|20161102115345|81|549|不法之徒可能从降下玻璃的车窗伸手抢夺，或者直接拉开车门抢夺
-1|20161102115345|81|550|???????5、停车防抢???????在偏僻的景点附近停车或临时购物停车前，观察周边情况，如有闲散人员、不良之辈迹象，不要灭火停车，更不能下车，必要时迅速驾车离开
-1|20161102115345|81|551|在有停车场的地方一定要把车停到停车场
-1|20161102115345|81|552|如果临时需要停车又没有停车场的，车上要留人，锁好车门
-1|20161102115345|81|553|???????6、停车防盗???????在晚上住宿地的停车场停车时，要将车内所有物品，包括后背箱中物品，当着守卫的面，全部取出
-1|20161102115345|81|554|许多宾馆守卫、保安，监守自盗
-1|20161102115345|81|555|有人在北京一大宾馆停车，购物归来整理后背箱，被守卫看到车内有感兴趣的物品，夜里车门被撬，所有物品全部丢失
-1|20161102115345|81|556|???????7、起步防抢??????????上车之前,先在远处观察，察看车辆周边有无不良之辈,但有可疑之处,暂时不要靠近车辆
-1|20161102115345|81|557|出车前,先绕车一周，看车辆外观、车胎、车底下有无漏油漏水，尤其注意看将要经过的路面可能有钉子、玻璃等尖锐的异物
-1|20161102115345|81|558|上车后,立即锁上车门，尽快离开
-1|20161102115345|81|559|"
-1|20161102115345|82|560|C30
-1|20161102115345|82|561|中华FSV
-1|20161102115345|82|562|哪个好
-1|20161102115345|82|563|、
-1|20161102115345|83|564|?刚刚看到的【中国汽车质量网2012年3月上半月投诉排行】由于3.15消费者权益保护日到来等因素，中国汽车质量网接到消费者针对汽车产品的投诉总计622宗，共涉及147款车型，创下了新的投诉记录
-1|20161102115345|84|565|???一项一项慢慢来啊~??去年的时候后减震在低速行驶的时候会有轻微的咯噔咯噔的响声，车开快了就听不见了~因为那个声音比较小，(我的车是无敌版，后面没有喇叭，自己装了两个，但是没有拧上螺丝，喇叭放在那里挺合适)原以为是喇叭在那和车碰撞发出的声音，所以一直没有去管，终于有一天闲着没事就去弄这个响声，但是但是啊~根本不是这个响啊，然后就开始找响的地方啊，后备箱掏空，响，车加起来找，没有松动的东西，后排座附近也找遍了，还是找不到，我开始怀疑减震了，去了我买车的地方（插个小段啊，是二级代理，不是4S，这里也有维修的地方，但是4S没有授权维修，买车时候二级代理承诺了，只要在这保养，他就和4S一样管维修售后，但是他这里是相当的便宜啊，什么事都没有工时费，而且配件什么的也都便宜，再而且不知道这个老板有什么本事，配件他都能从4S弄来，而且保养手册的手续他都能办了）到了以后很简单的事，根本没有什么复杂的手续问题，修车的坐上，我开了不到20米，他说行了知道了，直接告诉我是减震问题，当时去的时候是下午四点多我记着，他说改天抽空过来给我换了，今天时间不够了，我就回家了，再后来我一直很忙，一直到过年也没有去换，年后终于有时间了，顺便该做保养了，结果他说现在没有减震啊~~晕了去的~还以为他是不想管呢，后来才知道当时是真的没有，只做了保养，换了机油和滤芯，空滤没换，机油120远景的，机油滤芯10，我还想换变速箱齿轮油，他说年后刚开工东西都不全，没有，让我等几天和减震一起换，又过了几天我去了，十二点多点到的，到那就看到个减震，上面还写着右后，嘿嘿~~有货了，维修人员过来了，说这个不是你的~是优利欧的~~汗汗~~~我的呢
-1|20161102115345|84|566|在库里啊，还好，没忽悠我，后来就换了，很痛快，但是过程比较麻烦~~是相当麻烦啊~~后排座，座后面的所料等等全拆了~~俩个师傅真给力啊，说这多废话了，上图吧~~不是很多，也不是很清楚，手机拍的架汽车检查然后把下面螺丝松了?开始拆后面的东西~可能图的顺序乱了啊~~凑合吧?后座和后面的所料拆了后备箱也掏空了这个是拆下来的两个减震，旁边那个粗的是优利欧的，怎么比金刚的要好啊
-1|20161102115345|84|567|来个特写~优利欧的~~是不是比金刚的看着好啊
-1|20161102115345|84|568|这个是金刚的~~不知道是不是原装的，管他呢这个是去掉减震后的这个是装上新的后的减震就得换一对的后来就是各种安装~~~~省略~~~~再后来换齿轮油，我的一万二，第一次换，劝车友们一万以前换了，因为我的当时有很多碎铁渣，颜色也不好了这个没有拍照，也没什么意义吧~~~减震换后没有响声了，很满意，而且免费啊~~~看来这个老板还不错啊减震坏的原因：我的车经常拉很重的东西
-1|20161102115345|84|569|和这个有直接的关系，后弹簧也有些低了，所以后来加的减震胶，顺便也加了平衡杆，稍后是这两个的照片，和效果，先到这里
-1|20161102115345|85|570|本人喜欢智跑手动档，也准备入手，请各位大侠不吝赐教，说说智跑手动挡的优点、缺点
-1|20161102115345|86|571|白色后面我的x1飙车工作车，呵呵昨天5千公里磨合己过上了一下髙速210迈4200转轻松，8速牙箱还是厉害，估计上250没问题
-1|20161102115345|87|572|最近又是雨又是雪的，刚刚清洗过
-1|20161102115345|87|573|这块放在哪里，你知道的?这是什么狗，他先抢占了
-1|20161102115345|87|574|“主人，别动这垫子，我可急眼了
-1|20161102115345|87|575|”看大家对小黑很关心，补充几张小黑照片江南家里，3个月大坐姿标准不
-1|20161102115345|87|576|小稍息
-1|20161102115345|87|577|怎么只给球玩，不给吃的呢
-1|20161102115345|87|578|来张雪融后我们的飒爽英姿，小三vs小黑?
-1|20161102115345|88|579|???昨天去4S店保养车，和4S店的熟人（销售经理）谈起ix35改款国产发动机的问题，人家说根本没有这回事，要出ix45是真的，也就是国产的新胜达，大家相信ix35换国产发动机是真的吗
-1|20161102115345|89|580|看的是3D版没什么大片的感觉可看可不看兄弟们自己抉择吧
-1|20161102115345|90|581|——转自新车评网，特说明
-1|20161102115345|90|582|??????????????在网上消磨时间，无意间看到一篇文章，觉得非常有意思，特意转来给大伙看看的，再次声明，只是转载，非本人观点~同样价格的日本车真的比德国车好吗
-1|20161102115345|90|583|作者：金唢呐海纳百川，芦笛自治区我最近有一事真诚向诸位求教
-1|20161102115345|90|584|本坛虽然访问人数不多，但给我的感觉个个来者不善，按文革中的说法，这里属于那种“庙小妖风大、池浅王八多”的地方，运动来了，是重点整治的对象
-1|20161102115345|90|585|来这里的网友好像什么都懂，政治经济文化历史、理工医农、音乐美术都在这里讨论过
-1|20161102115345|90|586|邪门的是，上次谈音乐，连怎么练习吹唢呐都有人能说出道道来
-1|20161102115345|90|587|几天前看到老芦《镀金帝国》后面跟帖，连山寨手机也说出许多名堂，着实让人佩服
-1|20161102115345|90|588|我这里想请教的问题是：同样价格的日本车和德国车到底哪个质量更好
-1|20161102115345|90|589|当然不同系列会各有侧重，各有千秋，不过总该有个高下之分吧
-1|20161102115345|90|590|这话题是一次饭局上说起来的
-1|20161102115345|90|591|现在我们学校不少三四十岁的中年教师都开始张罗着换车，而这第二部车大多选择城市越野车（SUV），说是越野车能表现男性的狂野，能体会到驾驶的乐趣
-1|20161102115345|90|592|其中有个人就说到他想买日本的丰田RAV4或者本田CRV，我顺嘴说了几句日本车的不好，劝他最好买辆德系车
-1|20161102115345|90|594|在我眼里，日本车也就是开个四五十迈在城里转悠当个买菜车用，跟德国车比还是差了档次
-1|20161102115345|90|595|当时就看到座中有人不悦，原来他开的就是日本车，我这样说伤了人家的自尊
-1|20161102115345|90|596|事后他找到我，给我进行了一番较为详细的汽车科普教育，他本人在美国做过博士后，还介绍了一番在美国公路上、车行里的所见所闻
-1|20161102115345|90|597|而且，还给我推荐了一篇登在猫眼看人的德国车迷和日本车迷的辩论文章（http://club3.kdnet.net/dispbbs.asp?boardid=1&amp;star=4&replyid=19326683&id=6550675&skin=0&page=1）
-1|20161102115345|90|598|听了他的苦口婆心的科普并粗看了他推荐的那篇文章，彻底颠覆了我原来对德系车和日系车的印象，我总结了一下，有这么几点：1、日本车的车用钢技术是世界上最好的
-1|20161102115345|90|599|“车轻皮薄”是世界汽车发展的趋势，任何国家的现在的车都比30年前“车轻皮薄”，能否将汽车变得“车轻皮薄”是衡量一个国家汽车技术的重要标志，车皮变厚容易变薄难
-1|20161102115345|90|601|如果这么看，显然，德系车不如日本车，日本车代表未来汽车的发展方向；2、日本车其实是世界上最结实的汽车
-1|20161102115345|90|602|作为世界上最艰险的汽车性能极限挑战赛，达喀尔拉力赛与世界拉力锦标赛（WRC）都已成为考验世界汽车最新技术的严酷试验
-1|20161102115345|90|603|在这两个赛场上，日本的三菱车队已取得达喀尔拉力赛7连冠、12次总冠军的辉煌战绩，而在WRC，共赢得34座冠军奖杯
-1|20161102115345|90|604|另外，在西藏无人区、非洲草原和中东沙漠，这些地方不仅路况差，而且没有汽车维修店
-1|20161102115345|90|605|在这些地区，能看到的车型多是日系的陆地巡洋舰、帕杰罗，因为日系车能在任何路况下驾驶奔跑而且不出毛病，德系车基本没什么戏
-1|20161102115345|90|606|这不是由于价格优势，因为陆地巡洋舰比大部分同样配置的欧美豪华SUV都贵
-1|20161102115345|90|607|中东和非洲恐怖分子的标准装备就是AK47冲锋枪+RPG火箭筒+丰田皮卡
-1|20161102115345|90|608|1987年乍得和利比亚边界发生武装冲突，乍得一群土老帽驾驶着丰田皮卡，靠美法提供的米兰导弹组成了一支部队，把利比亚打得找不到北，创下了轻型化部队歼灭重装甲部队的壮举，后被军史专家称为“丰田战争”
-1|20161102115345|90|609|前两年受乍得支持苏丹反政府武装“正义与公平运动”，自称和政府间的武装冲突为“陆地巡洋舰战争”、“丰田战争”，因为丰田的陆地巡洋舰是叛军士兵最喜欢的车型，该组织宣称在达尔富尔地区的沙漠中拥有800辆丰田陆地巡洋舰车，超过7000名战士
-1|20161102115345|90|610|“如果国际社会不行动，我们将自己打到喀土穆（苏丹首都）去，推翻这个政权，我们有能力做到
-1|20161102115345|90|611|”3、日本车是性价比最高的车
-1|20161102115345|90|612|日本车在中国之所以这么被人糟蹋（如电影《大腕》中有这么一句话：（在富人区）你开日本车都不好意思和人打招呼），除去政治原因和民族感情的因素外，还与中国人好面子有关
-1|20161102115345|90|613|因为日本车出身低、血统差，而汽车除了实用功能外，还是身份、地位、财富的象征
-1|20161102115345|90|614|凡是在需要炫耀身份地位财富时，一般都用德国车，如官员、富豪用车，迎宾迎亲用车；凡是与此无关时，需要体现汽车的本来价值时，均是日本车的天下，如警车、军车
-1|20161102115345|90|615|不仅中国是这样，国外也如此；4、日本车并非不安全
-1|20161102115345|90|616|根据沃尔沃首创、日本人充分发挥利用的“吸能学说”，日本车尽管在两车相撞时破损最严重，不禁撞，但人身安全却无大碍，没有任何数据证明驾驶日本车的死亡率高于德系车
-1|20161102115345|90|617|愤青们总爱拿个例说事儿，怎么不举戴安娜的例子
-1|20161102115345|90|618|5、日本车是最不爱出毛病、最耐用的汽车
-1|20161102115345|90|619|不但新车汽车故障率最低（在汽车修理厂工作的朋友大都喜欢日本车，痛恨德国车），使用时间越长优势越明显
-1|20161102115345|90|620|在中国，几乎每个大城市都有二十年前的老皇冠老公爵，没大修过的太多了，老五十铃、老日野卡车也还在用，而奥迪2000款A6完好至今不大动的还有几台
-1|20161102115345|90|621|在美国二手车市场，丰田十年二手车还可以卖4－5千美金，宝马、奔驰、奥迪五年以后就卖不出去价去
-1|20161102115345|90|622|今年美国电视上丰田宣称1990生产的丰田车，90％以上仍然还在各条道路上奔跑，而德系车根本做不到
-1|20161102115345|90|623|在美国，如果自己买车，想自己开了还给孩子开，就买日系车
-1|20161102115345|90|624|如果年纪大，家里人少，开得不多（租车有里程限制），又不想太麻烦，就租宝马
-1|20161102115345|90|625|现在德系车也开始使用日本技术，德国的涡轮增压器多是日本货,因为德国高温合金不行，核心部件还不能自产
-1|20161102115345|90|626|不仅如此，德国机械产品的很多核心部件是日本货，例如德国机床用日本轴承、日本滑轨、德国高铁用日本车轮，莱卡照相机的价格不是日本品牌能比的，但核心是日本制造，因为德国在材料方面落后日本
-1|20161102115345|90|627|但日本货很少有德国核心部件，反而是日本高端品有美国核心部件；6、丰田汽车事件是质量问题更是政治问题
-1|20161102115345|90|629|尽管丰田受到召回的影响，品牌价值排名下滑很多，但还是在奔驰和宝马前面，丰田车仍然是汽车之王；纯机械对比的话，德国无疑更强
-1|20161102115345|90|630|但比电控的话，日本强多了，综合来说，未来是日本车的，德国车是用来怀旧的
-1|20161102115345|90|631|7、德系车在竞争中完败于日本车
-1|20161102115345|90|632|在日系车与德系车较量中，德系车市场输，赛场输，未来新能源领域输
-1|20161102115345|90|633|看汽车质量，最该看的是美国人的评价，因为美国的汽车文化全球第一，美国的消费者见识了全球的好车；再则美国没有中国人的仇日情绪，对德国人也没有成见，美国是个完全开放竞争的汽车市场，他们对汽车的评价较为客观，所以美国市场的表现可以体现一个汽车厂真正的品质和竞争力，而欧洲则不同，比如法国，那里有极强的民族主义情绪；再比如德国，如果公司购买本国汽车可以抵扣税款，都不能称之为开放的市场
-1|20161102115345|90|634|就拿美国市场的德系车和日系车的市场占有率来看，10辆五万美元以上豪华车（相当于中国50万人民币以上的），5辆是雷克萨斯，2辆是奔驰，1辆半是宝马，剩余的是其他品牌，二三万美元汽车丰田本田则占据了多半壁河山
-1|20161102115345|90|635|丰田花冠从1966年诞生至今历经9代，行销世界上超过140个国家和地区，2000年在单一品牌全球累计销量上，以“世界最畅销车”(2498.6607万辆)被载入《吉尼斯世界纪录》
-1|20161102115345|90|636|8、即使在抵制日货喧嚣尘上的中国，日系车仍然占据第一的位置
-1|20161102115345|90|637|中国政府采购一律用德系车，处长厅长部长分别是桑塔纳、帕萨特、奥迪（据说德国大众是最会和官员打交道的车企，凡是腐败的国家，德国大众都很吃得开）
-1|20161102115345|90|638|即使如此，日系车客户群体也在不断扩大，05年日系车打败德系车成为中国市场占有率第一，在利润丰厚的中级车领域日系车牢牢占据前三甲
-1|20161102115345|90|639|中国整个汽车领域，一半以上都是在日系的掌控范围内：宝钢占中国车用钢板一半以上份额；丰田系占车用照明系统一半以上市场份额；以上两个“一半”是包含所有在华车企，不管德系美系韩系概莫能外
-1|20161102115345|90|640|三菱4G18发动机，海马、东南汽车、骏捷、中华等很多国产车都在用
-1|20161102115345|90|641|美国的福特系列，嘉年华就是马自达2，福克斯是马自达3，蒙迪欧致胜是马自达6，换个壳子而已，底盘发动机变速器都是日本的
-1|20161102115345|90|642|连英国的莲花（Lotus）用的也是Toyota的发动机
-1|20161102115345|90|643|日本电装公司几乎和所有在华中外车企都有业务往来，是在中国年销售额最大的汽车零配件企业
-1|20161102115345|90|644|不仅应用技术，德国在基础科研的优势也逐渐丧失，2000年以来,诺贝尔科学类奖德国拿了7个（1化学，1经济，4物理，1生理医学），日本干了10个（6化学，4物理）
-1|20161102115345|90|645|在此真心求教无所不能的海川网友，对于日本车，我周围说什么的都有，总的来说褒少贬多
-1|20161102115345|90|646|日本车真的像上面说的那么牛吗
-1|20161102115345|90|647|丰田车可以称得上是汽车之王吗
-1|20161102115345|90|648|另外，既然日系车在中国被指责“没有后保险杠”、“车轻发飘”，按上个后保险杠不就完了吗
-1|20161102115345|90|649|这玩意儿也不花不了多少钱，技术含量也不高，路边修车店就可以搞定，又何必让中国消费者戳戳点点，难道日本人真的这么笨，连这点都想不到
-1|20161102115345|90|650|:office:
-1|20161102115345|92|652|有知道的兄弟来说说
-1|20161102115345|93|653|前段时候本来是看好H6的.后来看来看去老妈还是比较中间智跑..今天全家出动..下午的时候去了SSSS....看了一下智跑,...2012款16.48万2.0LGLMT.的哪一款....由于米不够..只好看低配的了...前段时间和老爸去看过..也大概的问了一下价钱.销售小姐说礼拜五去的话他们的经理在.价钱方面可以再低一点..到了SSSS销售小姐又帮我把价钱算了一下........说最多优惠8000....说他们经理在旁边.去帮我申请一下..看能不能再优惠一点.......问了的结果是再优惠2000送全车的雷鹏车模....先锋四件套..行李架说是GL的都不送的..说是打洞安装如果漏水了他们不负责,,,不知其它人的是免费送的吗.......如果雷鹏的车膜不要换别的话..可以再优惠1500..保险必须要在店里做....出库费600?..大家帮着看看这个优惠可以吗..还是可以再有优惠的余地.表说本人贪心哦..//还是说不用他优惠1500要雷鹏车膜...现在总的算下来就是优惠10000?不要雷鹏车膜的话再优惠1500送先锋四件..还有就是智跑不让试驾...不知是真是假.....希望大家帮着分析一下..这个优惠可以吗.小弟不胜感激.......???????????????????????????????????????????????????????????????????????????????????????????????据说没图片的帖子看的人不太多.小发两张图片..呵呵..??本人过年的时候在老家抓的.....\本人老家住城乡结合部...从三楼的窗里钻进去的.....?
-1|20161102115345|95|654|请教哪位高手，车速不快（市内路）右拐立即上大概30°门厅坡道，该用几挡，我感觉只能用2挡，是否合适
-1|20161102115345|96|656|如题
-1|20161102115345|97|657|如题，小弟最近想买辆车，在K5、索8和408之间纠结，想知道K5在珠三角这边大概优惠有多少看论坛好多地方都说优惠三万以上，性价比还算不错，广东这边也有这么多就好了
-1|20161102115345|97|658|希望广大TX不吝信息，告知小弟，
-1|20161102115345|98|659|下午，正好路过我买车的山姆4S店，想起了这几天谈论比较热的【踏屁股】问题，（我的车位发现此问题）正好进去了解清楚，找到了卖我车的销售经理
-1|20161102115345|98|660|我（A)经过仔细的询问几个问题，1,减震硬的问题.这个销售(B)说；这车起初大概2010年4月第一批车止10月，这些车的减震不是后来的弹簧，因为前期销售的收集了大量反馈（减震偏软），让北现做了很多调整，除此日期以外的都是进口的弹簧，普遍都偏硬了（他说众口难调），还让我看了当时的书面改动
-1|20161102115345|98|661|后来我问他，据我了解现在也不少车主说，这车有点踏屁股，他说：因为有的用途不一样，可能会有此现象，不过10年10月后的应该不会出现这样，大概就是这意思，说了很多，别的也没记太清楚
-1|20161102115345|98|662|哈哈我就听明白了一点，现在的减震硬是后来北现经过反馈调整的，弹簧式进口的不是国产至于什么原因，我没了解
-1|20161102115345|98|663|以上是我下午了解的，望大家参考再发张我的轮距
-1|20161102115345|99|666|不知道是什么原因
-1|20161102115345|99|667|有没有同样的车友有这样感觉的
-1|20161102115345|99|668|对了还有感觉方向盘比原来轻松了
-1|20161102115345|100|669|哈哈，本人没驾照，替老婆发个帖子，南昌地区新购2012手豪C30，63700元，感觉买贵了，有人63000都拿到了
-1|20161102115345|100|670|送六样，膜还没贴了，就膜和挡泥板有用，其它都是废的，发个帖子，求认证，问下认证有什么用
-1|20161102115345|100|671|3月初买的，忘记什么时候了，早去踩好了点，当时只有一蓝色的，还在露天车库放，南方天天下雨，大家都懂得额，刹车盘都锈了，本来是不想要的，后来想想算了，就它了，但是是个菜鸟
-1|20161102115345|100|672|也不知道看什么ECU，签好合同，买了全保，交完税后一共大约75000.上图，4S店拍的
-1|20161102115345|100|673|自己在网上买的C30座套，260元，摸了下材料，真赚钱
-1|20161102115345|100|674|哈哈，牌照要保密下
-1|20161102115345|100|675|今天特地去看了下，人趴在垫子上，往手套箱里去看，上面标明了牌子，哈哈，我看了下我的，心情大好，博世的看到我的大屁股了吗
-1|20161102115345|100|676|要这个姿势才能看到前面的桌位真好搞，后排的累的我半死，花了我2个多小时，如图：这个面板是用纸板做的，汗死我了从后备箱看后排座，已经绑好了座套
-1|20161102115345|100|677|DIY,穷人没办法，不然出个2百让人搞定
-1|20161102115345|100|678|好了，先发到这里了，每天坐副驾驶指挥老婆开车
-1|20161102115345|100|679|每天血压升高，特别是倒车，赶快考个驾照上手
-1|20161102115345|101|681|是很好很平的沥青路）会失灵，踩出ABS车就不听话了，向前闯出去，很多车友都不认同，都说用了很久刹车很好用，当时就我一例，沉默吧，没人懂刹车失灵时的恐慌
-1|20161102115345|101|683|你就继续神聋吧你
-1|20161102115345|101|684|发此贴解哈恨
-1|20161102115345|101|685|版主要删就删吧
-1|20161102115345|102|686|???今天开车，刹车时不经意间发现脚下还踩着什么东西，一想是油门，当时一身冷汗，可结果并没什么变化，车子跟原来一样的缓缓停下
-1|20161102115345|102|687|哦，这就是传说中的“刹车优先”啊，当同时踩下刹车和油门时，行车电脑应刹车优先的，哈哈
-1|20161102115345|103|688|感谢北京群的天坛，看了他的帖子后http://club.autohome.com.cn/bbs/thread-c-585-13805896-1.html决定去同一家店http://shop59636365.taobao.com/?pageNum=2&catId=173733262&categoryName=Vk9MVk8gWEM2MA%3D%3D&encodeCategoriesName=y&price1=&price2=&searchWord=null&order=null&queryType=cat&browseType=grid（怎么那么长）
-1|20161102115345|103|689|一共3千多，可以刷卡
-1|20161102115345|103|690|本着不改车、不毁车的前提，花点钱让自己和坐车的家人开心一下，什么原厂副厂的对我无所谓，起码比ssss黑心刀挨宰合适，找车的时候方便点，仅此而已
-1|20161102115345|103|691|U型条和车标亮度一致，有2个卡子扣上，自带的3M胶条一粘
-1|20161102115345|103|692|很合身
-1|20161102115345|103|693|接着是侧裙，大家特别关注的“有缝的问题”我也照了一下，还是跟安装师傅的手艺，你定的侧裙质量（不是材质，而是磨具制作的工艺）有关系的
-1|20161102115345|103|694|不过得给车底打钉子固定，有点小心疼
-1|20161102115345|103|695|我给自己这个打90分吧
-1|20161102115345|103|696|这是左底这是打开车门俯视的拍照
-1|20161102115345|103|697|这是右底这是挡泥，没什么说的
-1|20161102115345|103|699|左边有缝，我给自己这个打70分吧
-1|20161102115345|103|700|油门踏也没什么可照的，就不上图了
-1|20161102115345|103|701|最后感谢这家店的安装师傅，其实他也是老板，嘿嘿，来了就找他，老板亲自上手
-1|20161102115345|104|702|凯立德导航哪位车主知道怎么观看从网上下的视频或者电影
-1|20161102115345|104|703|除了买ＣＤ
-1|20161102115345|105|704|马沙陀位于大庆市杜尔伯特蒙古族自治县境内，黑龙江省道林肇公路95公里处，它的名字是由蒙语乌乎木勒转来的，意思是有深谷的沙丘，隐含死亡之谷的意味
-1|20161102115345|105|705|走进五马沙陀，在没有积雪的地方可以看到沙土，整个沙地都是由这样的沙土构成的
-1|20161102115345|105|706|说也奇怪，方圆几十里没见过这样的土，不知道这沙土是从哪里来的，也不知道这沙陀子是何时冒出来的?电视剧《东北王——张作霖》剧组选择五马沙陀作为外景拍摄地，五马沙陀由此声名大震
-1|20161102115345|105|707|?路线介绍：从新村出来走中三路，过让胡路个火车站后上“庆虹桥”在转盘道左转（9点钟方向）然后看指示牌，从水源路右转下桥顺路走大约500米就是跨线桥，看到指示牌上写着寿山度假村，就没错
-1|20161102115345|105|708|直走过了一个十字路口往西（设计院酒厂）约一公里就是“中引水厂”的大门
-1|20161102115345|105|709|右转后第一个左转弯
-1|20161102115345|105|710|剩下的路你一直顺路直行就可以了
-1|20161102115345|105|711|你直行到水源路和林肇公路交叉口的时候（有蓝色的大牌子，上写着松林公园）左转直行就是去往五马沙陀的林肇公路
-1|20161102115345|105|712|沿途经过松林公园，寿山公墓
-1|20161102115345|105|713|然后是新店林场，过了林场的厂部约7公里在路的左侧会看到五马沙陀的大石碑
-1|20161102115345|105|714|左转走红砖路直行就到了五马沙陀了
-1|20161102115345|105|715|???一个人冲进这里，起初还没害怕，但是看了介绍，说有野狼
-1|20161102115345|105|716|站在最高处，蓝蓝的天空，天地之间清新的空气，让人的心胸一下子宽广起来看见我的车额吗貌似被谁烧荒了?来张全景图
-1|20161102115345|105|717|?白色的战马返回时路过松林公园
-1|20161102115345|107|718|4s店给的配置单，其他智雅和至尊都是组合式仪表盘（RD除外），t6和t5的舒适都划了一个小横杆（就是不标配）
-1|20161102115345|107|719|t6舒适车主说一下仪表盘到底有什么不同
-1|20161102115345|109|721|本人准备入手C30了，最爱她的原因之一就是她的后座地下是平的，这样后座坐三人还可以挺舒服
-1|20161102115345|109|722|但是我不明白的是：大部分的车后座中间都是有突起的大梁的，C30把这里做平了，对安全性也没有影响呢
-1|20161102115345|109|723|如果可以做平那为什么其他品牌的车很少有做平的呢
-1|20161102115345|109|724|呵呵，小白问题，请高手不吝赐教
-1|20161102115345|110|725|XXXOOOXXXXXXOOOXXX
-1|20161102115345|111|726|好久没有发帖子了，有些惭愧，虽然一直或远或近的都在游玩，但似乎没有很大的激情来记录这些零散的片段，又是一年春来到，应该继续支持咱们的C30论坛，趁昨天看花回来，在向大家介绍赣南“婺源”之余，试着整理一下走过的这些小小美丽的风景，供爱好自驾的车友们借鉴--最美的风景是在你出发的心情里，开上腾翼，一定给力
-1|20161102115345|111|727|上图是昨天看花的地方--赣州赣县储潭乡白涧村--赣北的婺源赣南的储潭--江南三月的小雨淅沥沥下了近两个月了，难得昨天抽空放晴了一天，逮住这机会，全家杀向大自然，好好呼吸一下童年记忆里的油菜花香
-1|20161102115345|112|728|今天下午两点半开始贴膜和车身镀晶，一直到23点半才弄完回来，整整九个小时，煎熬等待啊
-1|20161102115345|112|729|（因为店里车太多，怕影响师傅们正常工作就没拍照片，在此感谢老郭同志和唐MM，工作认真负责，一丝不苟
-1|20161102115345|112|730|明天再去底盘装甲）出门23：40，北京也不知什么情况，下完雨开始下雪，上了四环，雪片那叫一个大，跟冬天似的
-1|20161102115345|112|731|进入正题：行驶了十多分钟，雪下的更大了，此时盲点辅助亮了，记得说明书上说，雨雪天会引起该系统误判，然后我就把它关上了，没一会，行车电脑提示＂前雷达系统关闭＂，没太多想，以为也是因为雪大的关系，随即清除信息后就没在显示
-1|20161102115345|112|732|回到家到地库后看见前脸隔删下一层较厚的冰霜
-1|20161102115345|112|733|请教：是不是因为行驶途中雪大而影响了前雷达
-1|20161102115345|112|734|又或是行驶时前脸不断堆积的冰霜遮盖住了雷达造成的
-1|20161102115345|112|735|有遇到类似情况或对此了解的TX解释一下
-1|20161102115345|112|736|真心疼刚镀完的晶膜啊
-1|20161102115345|113|738|有点不协调
-1|20161102115345|114|739|???
-1|20161102115345|115|740|在论坛潜水好长时间，看了许多网友的帖子，终于实现了心原：解除了智跑原车DVD行车过程的视频限制，请看图：取出原车DVD，拔下后面两束线，找到其中与图片完全一致的那束线，按图片文字框中的说明去做，简单搞定
-1|20161102115345|115|741|???1、左边文字框中的说明内容：“把这根线剪断，在朝向插头的这边接一个200-500欧的电阻，把右边那根褐色的线烧开（勿剪断
-1|20161102115345|115|742|），接在上面即可解除智跑行车视频限制
-1|20161102115345|115|743|电阻找修理电视机的买
-1|20161102115345|115|744|”???2、右边文字框中的文字说明内容：“把这根褐色的线中间烧开，接左边加了电阻的线即可解除视频限制
-1|20161102115345|115|745|另，智跑原车DVD系韩国原装原配，未预留任何多余视频音频之类的接口，无法接驳电视卡、电子狗、胎压监测等，至为遗憾
-1|20161102115345|115|746|想用这些设备的网友，只能另想它法
-1|20161102115345|115|747|”
-1|20161102115345|116|748|我是一纯新手??过一限宽水泥墩??驾驶座前后车门?全部报销水泥墩是南北路上放着???我从西来往北去??打左转向?减当二档??弯转的小了点??车头过去了??只听卡卡卡卡卡卡??我刹车???完了一下滑到后门了??我下车一看?妈呀??这可咋好??才300公里多一点???安慰一下我吧??我心眼小??无呜呜呜呜??明天上图片??今天太黑了没照片???报保险了?????????????????????????????????????????????今天进修理厂了???我的个妈???保险公司说要?一千八百多??他们黑不啊
-1|20161102115345|116|749|??幸亏有保险??我不用花一分钱?呵呵呵??上几张图片????
-1|20161102115345|117|752|要热车
-1|20161102115345|117|753|深圳不用吧
-1|20161102115345|117|754|难道阳光真那么不好
-1|20161102115345|117|755|我都不想再看论坛了
-1|20161102115345|117|756|没让4S送底盘防锈，我都担心了
-1|20161102115345|118|757|我下午刚去首保回来，把车放下，就去看C50和h6了
-1|20161102115345|118|758|还有那个c20R
-1|20161102115345|118|759|c50感觉还不错，比小三要好不少，不过发动机声音也很大
-1|20161102115345|118|760|c20R外形很拉风，白色的确实养眼，如果以前看到实车，可能就它了
-1|20161102115345|118|761|现在有了小三，就真心对她了
-1|20161102115345|119|762|各位，小弟的小三一个多月了，最近发现一个问题，不知大家有这种感觉没有，就是在一档或倒档刚起步的时候发动机下面会发出“铛”的声音，由于本人实在欠缺这方面知识，还望高人指点啊，小弟谢过了
-1|20161102115345|120|763|?如题废话不多说上图
-1|20161102115345|121|764|全球鹰GX7的前世今生：?而关于GX7车型的历史沿革，最早于2008年北京车展发布概念车型后，2009年的上海车展就已经以量产车型的状态发布，在此之后年年参展，又更换过品牌以帝豪EX7的身份亮相，最终有换回了全球鹰GX7的型号
-1|20161102115345|121|765|?说到吉利全球鹰GX7这款车型，日前终于从官方传出将在今年4月北京车展(微博)上市的消息，这次看来不会再是空穴来风，因为在近期的工信部目录上，代号RX6453K01和RX6453K02的1.8L和2.0L车型已经上榜
-1|20161102115345|121|766|?之所以迟迟没有上市，据消息人士透露，实际上其中一个重要原因就是就是生产资质的问题迟迟没有解决
-1|20161102115345|121|767|主要用于SUV生产的吉利成都基地并没有获得新工厂的审批，此番新车上榜，在企业名称一栏也清晰标注着“成都新大地汽车有限责任公司”
-1|20161102115345|121|768|而在去年9月19日，国家工信部发布的《车辆生产企业及产品〈第229批〉2011年第32号公告》，同意成都新大地汽车有限责任公司已列入《公告》的SUV产品,注册地址和生产地址变更为“成都经济技术开发区（龙泉驿区）车城东七路”，这标志吉利通过借鸡生蛋，让自己的成都基地具备了SUV产品的生产资质
-1|20161102115345|121|769|实质上作为一个三线汽车小厂的成都新大地已经不是第一次这样出卖自己的生产资质
-1|20161102115345|121|770|在众泰刚刚跨入汽车行业，首款车型众泰2008就同样是以“成都新大地汽车有限责任公司”生产的RX6400取得上市资格，直到后来收购了江南汽车，才取得了自己的目录资格
-1|20161102115345|121|771|?在资质的问题获得解决后，吉利的SUV车型推出的步伐将大幅加快，因为就在全球鹰GX7虚度的这几年时间里，后来的比亚迪S6、长城哈弗(微博)H6等均已悉数上市抢占先机
-1|20161102115345|121|772|接下来吉利将在三个子品牌同时打造SUV产品
-1|20161102115345|121|773|当然生产方都是这个打着“成都新大地汽车有限责任公司”名号的吉利成都基地
-1|20161102115345|121|774|以上内容出自阿波罗博客http://club.autohome.com.cn/bbs/thread-c-989-14510495-1.html英伦SX7即将在北京车展上市，来抢GX7市场份额了-阿修罗丨影的博客?还有哪位兄弟的帖子没有编辑进来的就回复下，我及时加进来
-1|20161102115345|121|775|疏漏难免，敬请谅解
-1|20161102115345|122|776|封
-1|20161102115345|122|777|封
-1|20161102115345|122|778|封
-1|20161102115345|122|779|封
-1|20161102115345|122|780|封
-1|20161102115345|123|782|急求
-1|20161102115345|123|783|有出现这种情况的吗
-1|20161102115345|124|784|昨天在番禺迎宾路4s问了.2012新款D版.只能优惠1.8万..只送一些不值钱的东西..只好转到广州跑马场汽车城去问..更夸张啊..mm说
-1|20161102115345|124|785|新款没有优惠
-1|20161102115345|124|786|我当初想晕
-1|20161102115345|124|787|怎么一些二线城市都优惠3万左右
-1|20161102115345|124|788|广州这么少
-1|20161102115345|124|790|佛山深圳会便宜点嘛
-1|20161102115345|124|791|能否在广州上牌
-1|20161102115345|125|792|本人2012款手豪腾翼c30
-1|20161102115345|125|793|3月十二才提回来的车子
-1|20161102115345|125|796|都不敢再打了
-1|20161102115345|125|797|最后把钥匙把钥匙拔了重打才打着
-1|20161102115345|125|798|隔了八九个钟头下班
-1|20161102115345|125|799|结果第二次才打着
-1|20161102115345|125|800|请求行家帮我看看是怎么回事
-1|20161102115345|125|801|才刚买来的新车怎么会出现二次打火那
-1|20161102115345|126|803|我也想知道，还有什么颜色是金属色
-1|20161102115345|127|804|我是去年3月下旬购的阳光自豪，1万公里时做的3保，去年秋天综合油耗最低时显示为4.9，过了一冬成了5.1，从购车到现在，综合油耗从没清过零，我每天上班往返30KM，其中2/3为郊区路,只有两个红绿灯,1/3为市区,有七个红绿灯.最高时速60-80KM,行车时尽量少踩刹车,起步时缓慢加油.
-1|20161102115345|128|805|提车12天，刚提车时就加了200米的油，今天还有两格，显示里程还有100km，正好也要去加点，就过去了，结果加油员工说晚上涨钱，我就加满了，7.5每升，加了265米的，油，呵呵，等挂了牌子，都弄好了，拍照认证……
-1|20161102115345|129|806|上周末在宝马4S店，销售讲国产x1已上市，预订要一个月
-1|20161102115345|129|807|进口的剩3台顶配28i，今天刚好有较大的优惠，试驾后当机立断付定金，3.0六缸发动机经典啊，况且成交价比国产28i2.0T还低些，第二天就付款提回家
-1|20161102115345|129|808|碰到的朋友、邻居都问加价多少，我回没有啊其实还降价，心里挺高兴的
-1|20161102115345|129|809|开了几天性能很满意，就是有一个问题：车内气味大，开窗通风内部清理也没什么效果，进口宝马怎么这水平，看来要用3月1日的国家车内气体新标准衡量一下了
-1|20161102115345|129|810|各位车友，你们的情况怎么样
-1|20161102115345|130|811|???终于首保了，2个多月5000公里真快啊
-1|20161102115345|130|812|今天把上次没拍的展示车给大家带来了，大饱眼福吧各位
-1|20161102115345|130|813|??上海华庭的总店3个牌子在一起那么大的门面门口为什么没条像样的路呢看看特地切开展示的车可惜了行政版的电动座椅啊给我就好了上去放机油黑嘿的底盘详图平时看不见的哦前悬挂老陈常说的什么来着“元宝梁”后悬挂整体油箱右后悬挂整体效果排气管为什么要这样布置呢看看副车架?有稳定杆的哦比某些牌子的“筷子”粗吧新的机滤开始加机油帝豪专用油去的比较晚走的时候天都黑了看看这个油耗给力吧呵呵??千万别被他骗了哦暂时就到这里
-1|20161102115345|131|814|小菱智的屁屁来个后屁股照侧身照轮胎中控?手缝把套地胶米黄的右前侧门排挡杆吉利数后侧身照自制USB线左前门照后保险照中门照车库照车库大门照贴膜照全景照前脸照呵呵?这样看比较好看这个也不错前挡贴膜了?看出来了吗我的女儿老婆在打扫卫生老婆在擦爱车来个大鹏展翅后排座椅裸车价65500送尾翼??4S妹妹说尾翼600安装工时费300靠?说我的车才算64600特点：省油?性价比高??缺点：车噪音有点大?准备做隔音
-1|20161102115345|132|815|我的车子是1.5的刚买了2个月左右行驶不到4000公里?在行驶到60-70左右在左前门有吱吱的声音听得很清楚越快就越大上死s店工作人员说是0风燥0声音不好解决朋友们你们的车谁有过这样的毛病?怎么处理的教教俺俺在这里谢了?????????还有就是起步的时候和123档低速的时候有吱吱的声音?上死s店工作人员开出去试下车说是导向半主有问题说等一星期左右来货给免费换半主?靠有这么严重吗???朋友们我换是不换给俺拿个主意哎我中吉利一等奖了??我靠?????????????????????????????
-1|20161102115345|133|816|其实要不是SUV情节买这个GC7也很好，今天居然看到GC7有这个功能：?防盗压感座椅简单地说在普通汽车座椅上内置了360个压力传感器，这些传感器会感应每个司机坐在上面时的每个点位的压力，形成二维或三维的压力图，并将之与电脑系统内置的车主压力图进行比对，符合则允许启动和操作汽车，不符合则无法启动汽车
-1|20161102115345|133|817|——试问这样的车谁能偷的走
-1|20161102115345|133|818|?吉利还挺牛啊，这玩意挺先进，配备在GX7上该多好啊
-1|20161102115345|134|819|qqqqqqqqqqqqqqqqqqqqq
-1|20161102115345|135|820|能不换玻璃就能阻止细微裂痕夸张吗
-1|20161102115345|136|821|大家谈谈2.0四驱和2.4四驱的使用感受怎么样
-1|20161102115345|136|822|差异大不大
-1|20161102115345|136|823|两款车只差9个马力
-1|20161102115345|136|824|最高车速还是2.0的高
-1|20161102115345|136|825|这是为啥
-1|20161102115345|137|826|周末信阳波尔登森林公园再到龙袍山头，小炫很炫
-1|20161102115345|137|827|?
-1|20161102115345|138|829|郑州的tx进来说说
-1|20161102115345|139|830|昨天鸟车被小石子砸了一下，直径约1厘米，从中心向四周裂，呈散射状，请教各位：1、玻璃裂痕会不会加大
-1|20161102115345|139|831|2、可以进行修复吗
-1|20161102115345|139|832|3、如果要换，得多少大米
-1|20161102115345|140|833|最近想买辆车开,观望了一段时间,看中了k5和朗逸,但是好像k5油耗有点大,不知道养车费如何.
-1|20161102115345|141|834|真希望长城在北京汽车展后能发布CL的新好消息，并在国庆前能够可以上市销售
-1|20161102115345|142|835|明天凌晨汽油涨价赶紧加油呀同志门
-1|20161102115345|143|836|???????同学昨天买的车，奇瑞瑞虎龙虎版
-1|20161102115345|143|837|好像是，昨天折腾到九点多才到家
-1|20161102115345|143|838|今天陪他去上牌，路上开了一路
-1|20161102115345|143|839|一上车，空间好大（头部空间很大，第一感觉，说这样还是座椅调高了的），方向盘好硬（硬塑料，没小三好，呵呵），视野开阔（能看到车头，另外跟没有贴膜有关系，感觉特别敞亮）
-1|20161102115345|143|840|???????点火，启动，第一，感觉离合特别轻，轻的都感觉不到回弹的力，所以半联动我根本找不到（路上熄火一次）
-1|20161102115345|143|843|1.6的排量，整车质量我注意了一下是1330左右，感觉动力够用（比小三好），没有小马拉大车的感觉
-1|20161102115345|143|844|跑起来车内噪音跟小三差不多，估计国产车都差不多吧
-1|20161102115345|143|846|其他亮点，后视镜，上面有指南针、气压还有一什么不知道，这个感觉很有科技感（说是奇瑞全系的标配），这个比小三好
-1|20161102115345|143|847|?????????最深刻的是离合和刹车，真是很轻啊，回来再开小三，感觉都踩不动离合跟刹车了
-1|20161102115345|143|848|（这个是什么缘故，调教的缘故还是这玩意也有助力啊）
-1|20161102115345|143|849|????????最后再感谢下JCSS，办事效率高啊，一站式服务，半小时搞定，表扬下，呵呵
-1|20161102115345|143|850|????????以上纯属一家之言，别拍砖
-1|20161102115345|143|851|?
-1|20161102115345|144|852|小三到3月22号就半年了
-1|20161102115345|144|853|但是公里数才3500不到（因为结婚事多没顾得玩）
-1|20161102115345|144|854|求解，半年到了，改首保了
-1|20161102115345|144|855|首保完算磨合期完了么
-1|20161102115345|144|856|能拉高速了么
-1|20161102115345|144|857|还是再等等跑到5000
-1|20161102115345|145|858|最近听说GX7取代了EX7
-1|20161102115345|145|859|个人猜测,吉利是想把帝豪做成高端的,全球鹰和英伦好象说是中低端的,GX7外形可以,做工不好,怕损坏了帝豪的牌子,好象GX7和EX7就车标不一样，尽寸略有差异,当初如此计划开发,可能是想“试水看反响”,反应好了就当EX7卖,现在看来做工是道“坎儿”
-1|20161102115345|145|860|也有可能另有原因，车是成都生产的，“成都重庆，山寨基地”有可能GX7不是吉利设计的，吉利与成都之间有可能“一个借鸡生蛋，一个借蛋生鸡”，到底是先有鸡呢还是先有蛋呢
-1|20161102115345|145|861|吃鸡的人和吃蛋的人都想知道，无赖鸡和蛋偷着乐不语
-1|20161102115345|147|863|买这车是有点时间了?去年11月买的?为了认证车主的目的新申请个号之前用进口奔驰E申请的账号?所以一直没有写作业?之前的用的ID名是lzx8885??希望以后跟大家多多交流
-1|20161102115345|148|864|k5我来了??我好喜欢你啊
-1|20161102115345|149|865|这几天直传会涨油价，今天车正好开没油了，续航里程都不显示了
-1|20161102115345|149|866|反正最近要油肯定要长了，就把邮箱加满了，加了375元，让我惊喜的是续航里程显示499公里，以前好像没加到这么高过
-1|20161102115345|149|867|另求问，这续航里程的计算会根据你开车的实际油耗而每人都不一样么，砖家请解答
-1|20161102115345|150|868|前几天在C30门边，发动机盖，尾箱盖上粘了些密封条
-1|20161102115345|150|869|风噪好像小了一点
-1|20161102115345|150|870|门边用小D密封条，尾箱与发动机盖用大D密封条，A柱前门边用B柱密封条粘
-1|20161102115345|150|871|上一些图看看
-1|20161102115345|151|872|自驾宝典：汽车常见小状况自己搞定???准备自驾回家过年或出游的朋友们或许早已按捺不住“悠游”的渴望
-1|20161102115345|151|873|自驾旅游路程长短、路况各有不同，但如果遇上爆胎、抛锚等意外，则会让满怀期待的路途大打折扣
-1|20161102115345|151|874|所以，出门之前学几招自救常识，或许就能在危急关头帮上大忙
-1|20161102115345|151|875|1.高速爆胎，稳住方向点刹车在高速公路发生爆胎时，要保持镇定，绝不能猛踩刹车，而应该紧紧稳住方向盘，使车辆保持直线行驶
-1|20161102115345|151|876|同时，轻点刹车，逐渐减慢车速，慢慢向道路右侧靠边停车
-1|20161102115345|151|877|一般情况下，前轮的爆胎所引起的后果要比后轮爆胎大得多，所以对前轮的爆胎要更加小心
-1|20161102115345|151|878|接下来就是换胎，换胎的时候要找个平稳、视线好、安全些的地方补胎
-1|20161102115345|151|879|在高速或者国道上换胎注意要在车尾远处放置警示牌，以提示后面的司机
-1|20161102115345|151|880|换好胎后要及时补胎，顺便让补胎的老板检测一下你自己上的轮胎螺丝扭力是否符合标准
-1|20161102115345|151|881|如果松的话对车子、轮子都不好，甚至会跑掉轮子
-1|20161102115345|151|882|另外，因为大多数车前轮是驱动轮加控制方向，好胎尽量用在前轮，所以如果是补过的轮胎尽量用到后轮
-1|20161102115345|151|883|2.电瓶没电打不着火，搭线点火冬季很多车辆的电瓶都会出现亏电现象，万一在路上因为电瓶缺电打不着火，借别的车辆搭电点火是最简单的方法
-1|20161102115345|151|884|但一般的车主都不会自备搭线，而且操作的过程对于不懂电器的朋友或者胆小的女士也可能会有心理障碍和一定的危险性
-1|20161102115345|151|885|其实只要了解正确的方法和步骤，也可以说比较简单
-1|20161102115345|151|886|用搭线的方法解决，一定要注意的是：正极接正极，负极接负极
-1|20161102115345|151|887|千万不要弄错方向，否则可能会烧坏电瓶，要是接反了电极导致电瓶冒白烟或者发出了焦糊味那就只能更换电瓶了
-1|20161102115345|151|888|另外需要注意的还有，在给供电车接上搭线之前，一定要先将发动机熄火；给供电车接上搭线之后，一定要注意不要让搭线的正负极有接触，短路很危险
-1|20161102115345|151|889|拆搭线的时候要先拆下负极，再拆下正极
-1|20161102115345|151|890|一般情况下，只是电瓶亏电的车在经过了以上步骤之后就可以顺利点火了
-1|20161102115345|151|891|如果没电的车依旧打不着，那也不要慌，这是因为没电的车电瓶的余电太少了，用供电车型的电也不足以启动，也是正常现象
-1|20161102115345|151|892|这时我们可以给没电的车多充一会电（供电车轰油门可以加快充电的速度），如果你的电瓶正常，那10-15分钟后应该可以顺利启动了
-1|20161102115345|151|893|3.刹车失灵，轻拉手刹急抢挡刹车失灵后，用手刹刹车时操控要得当，缓缓地拉起手刹车手柄，分几次拉紧、松开、拉紧、松开，使车辆减速停下来
-1|20161102115345|151|894|此时绝不能猛拉手刹，否则车子容易失控
-1|20161102115345|151|895|4.水箱漏水可加入烟丝堵漏若发现水箱有几处很小的漏水，一般是水箱有沙眼引起，可以在停车后等发动机冷却后，打开水箱盖，将香烟的烟丝捏碎后倒入水箱；或者将肥皂弄成黄豆大小后，倒入水箱，加满水后启动发动机
-1|20161102115345|151|896|??5.油箱漏油肥皂涂后用布包紧油箱在野外破裂漏油时，车主可将漏油处擦干净，然后用肥皂或者口香糖涂在漏油处，可暂时堵塞
-1|20161102115345|151|897|油管或者高压油管破裂时，这种方法不太管用，等找到修车点时车主还是要尽快维修
-1|20161102115345|151|898|6.突然熄火先查电路，再查油路车辆行驶中，会出现两种形式的熄火现象：一种是突然间干脆地熄火，另一种则是“突突”几下再熄火
-1|20161102115345|151|899|如果是第一种，应该检查车辆各电路部件接合是否牢固
-1|20161102115345|151|900|若是“突突”几下再熄火，这时应该检查是否有供油管线漏油的问题，还应检查点火系统，看是否有比较严重的断火、缺缸等现象
-1|20161102115345|151|901|此外，点火线路的各传感器及接头等处也要检查是否存在虚接现象
-1|20161102115345|151|902|7.车辆落水，要冷静汽车翻进较深的河里，先不要急于打开车门和车窗玻璃，因为这时车门是难以打开的
-1|20161102115345|151|903|此时，车厢内的氧气可供司机和乘客维持5至10分钟，先将头部保持在水面上，同时深吸一口气，再迅速用力推开车门或打碎玻璃逃生
-1|20161102115345|152|904|http://finance.qq.com/a/20120318/000222.htm?pgv_ref=aio2012&ptlang=2052本田在美夸大节油遭集体诉讼赔1.7亿美元和解2012年03月18日03:52京华时报我要评论(字号：TT据新华社电美国加利福尼亚州高等法院法官16日批准本田“思域”混合动力车型车主针对本田公司夸大这一车型省油效果的集体诉讼和解方案
-1|20161102115345|152|905|和解方案涉及大约20万辆2003年至2009年生产的“思域”混合动力车型的车主，本田公司将按每辆车赔偿车主100美元至200美元，外加最高可达1500美元的购买本田新车折扣
-1|20161102115345|152|906|另外，2006年至2008年车型的车主因提出汽车电池缺陷索赔，可获得更多赔偿
-1|20161102115345|152|907|根据本田公司先前宣传，“思域”混合动力车型燃油效率为每加仑50英里（每升21.26公里），但许多车主提出，这款车燃油效率远达不到这一标准，因此提出集体诉讼索赔
-1|20161102115345|152|908|法官估算，和解方案总金额大约为1.7亿美元
-1|20161102115345|153|909|看坛里很多在纠结DLX1DLX2的把电子助力说的多好一样
-1|20161102115345|153|911|电子助力就那么好
-1|20161102115345|153|912|可能是我习惯了吧开过挺久的伊兰特（机械液压的）期间也开过不少其他电子助力（如英朗新骐达等）我感觉方向盘轻飘飘的很不舒服..就是感觉很没手感况且相对男人来说机械助力也不算非常的重啊...一只手打方向盘也是轻轻松松的...所以是爷们根本就不要去纠结神马机械液压那只是浮云价格便宜才是王道
-1|20161102115345|154|913|听说E300L时尚行车电脑的工程菜单里如果会开通有佷多功能调出来,跟E300L时尚尊贵一样功能.有人会调吗
-1|20161102115345|155|914|本人28岁，目的家用!下个月就吧捷达卖了，用车置换了，北京4S的说K518.8万的那款优惠2万5，大家的都多钱买的啊，很怕买了上当
-1|20161102115345|155|915|车开着怎么样，我去的4S连试驾车都没有
-1|20161102115345|155|916|真可怜?
-1|20161102115345|155|917|想要黑色的?大家给个建议吧
-1|20161102115345|156|918|我在3月4号平价定车了，31.9的那款，当时销售说4月底5月初能提，合同上没写时间的，不知道大家订车有定时间的吗
-1|20161102115345|156|919|?????还有看大家好像多有送什么，我什么也没有啊，不知道你们多送了什么啊，感觉心里不平衡，虽然只是些小东西???????????????????????提车?了??http://club.autohome.com.cn/bbs/thread-c-675-14662694-1.html
-1|20161102115345|157|920|如题，3个月前提的手动智雅
-1|20161102115345|157|922|请教能否解决
-1|20161102115345|158|923|以前经常碰到SD卡拿出来再放回去不识别的问题，都是在用COMMOND操作音频模式时发生的
-1|20161102115345|158|924|今天偶然发现，在音频打开后，按中控台上“DISC”键，音频在几个资源间切换-收音机，光盘，存储器，SD卡，AUX，蓝牙
-1|20161102115345|158|925|这么操作SD卡识别播放毫无问题，试了几次都没问题
-1|20161102115345|158|926|TX们试试看
-1|20161102115345|159|927|1、销售人员招数-探听虚实拆招：告诉对方，即将出手探听虚实是销售人员常用的招数
-1|20161102115345|159|928|我们进店询价时，销售人员往往会问，“什么时候买车啊
-1|20161102115345|159|929|都选好了吗
-1|20161102115345|159|930|”
-1|20161102115345|159|931|我们需要告知销售人员的是，我们已经选好了车，近几天就会出手
-1|20161102115345|159|932|要知道，只有销售人员知道了你马上要买车，是目标消费客户，才会将最低价报出
-1|20161102115345|159|933|因此，我们一定要让对方知道，我们即将买车，并正在寻找最低价
-1|20161102115345|159|934|2、销售人员招数-“踢皮球”拆招：顺水推舟经销商大多对不同级别的销售人员设定了大小不一的价格优惠权限
-1|20161102115345|159|935|当我们在谈车价时，销售人员往往会告诉你，“我只能优惠XX元了，如果要以你那个价格买，必需要找我们经理”
-1|20161102115345|159|936|在这种情况下，有些消费者就开始放弃了
-1|20161102115345|159|937|殊不知，就算我们不在这家店购车，也有必要探听一下经销商的最大优惠底线在哪里
-1|20161102115345|159|938|此时，我们大可表示出很强的购车诚意，并明确告诉对方，“你们经理在哪
-1|20161102115345|159|939|我要和他谈谈
-1|20161102115345|159|940|”随后，我们就可以与更高级别的销售经理谈车价了，并有望能打听出更大的购车优惠
-1|20161102115345|159|941|3、销售人员招数-话中有话拆招：让对方给个优惠预期有些厂家对经销商的销售价格控制相对较严
-1|20161102115345|159|942|消费者在这种经销商处询价时，往往会得到这样的回复，“厂家的政策一直在变，我们的车优惠大概有1，2万吧”
-1|20161102115345|159|943|面对这样模糊的回复，我们显然不能满意
-1|20161102115345|159|944|但实际上，销售人员碍于厂家政策，也并不愿意报实价
-1|20161102115345|159|945|在这种情况下，我们不妨也可以务虚一下
-1|20161102115345|159|946|我们可以这样问，“你给我一个优惠预期吧
-1|20161102115345|159|947|我近期买车，你预计能优惠多少
-1|20161102115345|159|948|2万块钱没问题吧
-1|20161102115345|159|949|”如果销售人员对此不肯定，也不否定
-1|20161102115345|159|950|那么，显然他说的“大概”的价格区间中，最大的优惠金额是存在的
-1|20161102115345|159|951|4、销售人员招数-礼品相赠拆招：评估真实价值，确定能否折现不少消费者在谈车价的时候，经销商除现金外，在给出的优惠中往往会提供一些购车礼品
-1|20161102115345|159|952|当然，这些礼品也是经销商提供的购车优惠，并声称价值若干元
-1|20161102115345|159|953|此种情况下，我们一定要估量一下礼品的真实价值，并询问是否能将礼品折现
-1|20161102115345|159|954|如果礼品能够折现，那么我们可以根据实际情况做出选择
-1|20161102115345|159|955|5、销售人员招数-索要联系电话拆招：慷慨给予，并记下对方的联系方式不少消费者不愿意经销商留下电话
-1|20161102115345|159|957|但是，我们如果真打算买车，留下电话号码也为以后砍价提供了方便
-1|20161102115345|159|958|对于留下电话号码的客户，经销商大多会派专人进行跟踪，并会不定期的电话询问
-1|20161102115345|159|959|在此期间，我们大可以通过这些接触机会，不断的探听底价，并择机购买
-1|20161102115345|159|960|6、销售人员招数-隐瞒附加条件拆招：问清楚是否为裸车价格，还是另有条件有些经销商对到店的顾客能够非常爽块的报出低价
-1|20161102115345|159|961|但这部分经销商中有时候在提供较大的优惠的同时，也有诸如需要做装饰，必须4S店做保险等附加条件
-1|20161102115345|159|962|这时候，我们需要问清楚对方所提供的价格是否为裸车价格
-1|20161102115345|159|963|如果不是，则要弄清楚经销商所提出的条件能否接受
-1|20161102115345|159|964|7、炒车族拆招：小心谨慎，不急于出手由于价格相对较为便宜，有些消费者更加偏向于在二级经销商处购车
-1|20161102115345|159|965|但在二级经销商处也不乏炒车一族
-1|20161102115345|159|966|在这些炒车族中，不少人不仅没有现车，甚至对消费者所需要的一些车型的价格也不甚清楚
-1|20161102115345|159|967|面对这样的销售者，我们又怎么能够获得一个比较合理的价格和服务
-1|20161102115345|159|968|因此，建议大家在二级经销商处购车要小心谨慎，多看多问才是正道
-1|20161102115345|159|969|8、销售人员招数-算车价时留后招拆招：明白净车价与购置税、保险相关在询价过程中，为帮助消费者弄清楚买车的消费金额，销售人员往往会拿出一张表单帮助消费者计算购车时的各项费用
-1|20161102115345|159|970|在计算过程结束后，我们也许会对车价仍然不满意，并要求销售人员给予更多的优惠
-1|20161102115345|159|971|在这个时候，销售人员可能会在购车总价上再给予一些优惠
-1|20161102115345|159|972|但我们所争取的并不是购车总价上的优惠，而应是净车价优惠
-1|20161102115345|159|973|因为，净车价是与购置税和保险相关
-1|20161102115345|159|974|只要净车价降低了，购置税和保险也会相应降低
-1|20161102115345|159|975|显然，净车价优惠对于消费者更为有利一些
-1|20161102115345|159|976|9、巧借经济周期购车在购车时机方面，年底、月底购车都是不错的选择
-1|20161102115345|159|977|但同时，汽车行业是一个高度周期化的行业
-1|20161102115345|159|978|如果消费者在汽车业较差景气购车，那么所获得的优惠往往较高
-1|20161102115345|159|979|在汽车业年景较好的周期内购车，消费者购车优惠则较少
-1|20161102115345|159|980|对于如何判定汽车业所处的景气程度，笔者认为最简单的方法就是观察上市汽车公司股票的市盈率
-1|20161102115345|159|981|如果汽车股票市盈率极低，说明行业正处于景气阶段
-1|20161102115345|159|982|如果市盈率极高，则表明汽车销售乏力，库存压力较大
-1|20161102115345|159|983|消费者此时购车，往往能够获得惊喜
-1|20161102115345|160|984|雨雪天小区的每一个角落拍下来都是一幅优美的图画，因此觉得自己买房时的决定是英明的
-1|20161102115345|160|985|买车的时候也是非常的纠结，看过奥迪A4LA6L,说心里话挺喜欢的；可惜呀
-1|20161102115345|160|987|记得有一天在洗车房洗车，看见一辆很靓的奥迪靠近，以为洗车，不想从车里钻出一位大美女，直接奔向老板询问道：您这有机油买吗
-1|20161102115345|160|988|回答：没有
-1|20161102115345|160|989|看见美女着急呀，奥迪怎么就亮机油报警灯呢
-1|20161102115345|160|990|还好是在市区里，假想一下假如在什么前不着村后不着店的地方又该怎样
-1|20161102115345|160|992|德国佬啊德国佬，不成熟的技术放在偌大的中国来做实验，不觉得可耻吗
-1|20161102115345|160|993|让多少美女是又爱又恨的
-1|20161102115345|160|994|2.4成熟的自然吸气版居然比2.0T的贵出十几万
-1|20161102115345|160|995|你们黑不黑呀
-1|20161102115345|160|997|还好自己没选它，英明啊
-1|20161102115345|160|998|皇冠车快两岁了，没有给我带来任何的失落感，在高速上秒杀过很多的急行军，当然没想跟他们飚车，超过了就歇了
-1|20161102115345|160|999|主要把他们来试试脚力，动力随叫随到，一个字，“爽”
-1|20161102115345|160|1000|3.0的皇冠现在平均油耗10.4升/百公里
-1|20161102115345|160|1001|好车呀
-1|20161102115345|160|1002|够省油了吧
-1|20161102115345|160|1003|听说现在北京和很多外省违章记录都联网了，兄弟们可要注意了，在高速上如果跑120公里/小时，定速巡航油耗显示8.4，以后跑长途岂不是可以省下很多银子
-1|20161102115345|160|1004|以后有时间会经常来坛里走走的，谢谢各位了
-1|20161102115345|161|1005|见很多TX装金积嘉，但都是上传近照，既是日行灯能否哪位TX给张远观照，看其有多亮
-1|20161102115345|161|1006|不胜感激
-1|20161102115345|162|1007|我觉得是这么回事：1.变成**后可以减少发动机噪音（原来的是铝的）??????????????????2.使上部降低温度（不信用手摸摸）?????????????????3.降低成本(这条最重要,寿命有待考证)??????????????????4.减少重量
-1|20161102115345|162|1008|发动机罩:拿下看下面老款的发动机是铝的
-1|20161102115345|162|1009|原来的是铝的白色的，现在黑的了.加机油的口（用手敲一敲就知道了）铝的厚6MM,**的2MM亲大家发表意见、看法
-1|20161102115345|162|1010|一定要好好讨论讨论
-1|20161102115345|162|1011|咋回事
-1|20161102115345|162|1012|正确答案在34楼
-1|20161102115345|163|1013|明天就要提车了，大家给想个车牌号吧
-1|20161102115345|163|1014|陕fxxxxx.如果中选有大奖
-1|20161102115345|163|1015|谢谢了
-1|20161102115345|164|1016|???一年多了，今天开车外面给小三做了次打蜡
-1|20161102115345|164|1017|其实一直就想去做，但是总是因为这或那的原因没有去成
