-1|20161102115345|164|1018|今天天气不错，而且刚好又放假于是就决定在今天给小三美容了
-1|20161102115345|164|1019|???150元的金刚蜡，效果还不错
-1|20161102115345|164|1020|????前些日子在淘宝上买了15m宽18mm的3M饰条，于是也在今天打好蜡后给小三装上了
-1|20161102115345|164|1021|???不说了，上图
-1|20161102115345|164|1022|欢迎大家指教
-1|20161102115345|164|1023|大气的尾部右侧前脸还是前脸左边尾部特写
-1|20161102115345|164|1024|饰条15m人民币98元
-1|20161102115345|164|1025|我想再买些8mm的来装饰车内
-1|20161102115345|164|1026|到时再发来给大家
-1|20161102115345|165|1027|今天忙了一天啊
-1|20161102115345|165|1028|终于把小三提回来了
-1|20161102115345|165|1029|还没来的急拍照不要见怪哦
-1|20161102115345|165|1030|本来早些日子定的是丰田的RAV4，后来出了个名古屋那个SB的市长
-1|20161102115345|165|1031|我这个人比较爱国吗
-1|20161102115345|165|1033|定金不要了
-1|20161102115345|165|1034|后来就定了小三
-1|20161102115345|165|1035|过几天一定拍照
-1|20161102115345|165|1036|谢谢
-1|20161102115345|166|1037|东风日产蓝鸟2000款（EQ7200自动档），行驶35万公里
-1|20161102115345|166|1038|请问卖二手大概多少钱啊
-1|20161102115345|167|1039|?手豪银色?北京--淄博全程高速380公里?5.5小时300元的97#耗油4格一路上感觉很好
-1|20161102115345|168|1040|新人带着媳妇和小奥来报道啦
-1|20161102115345|168|1041|求精+认证，望版主不要吝啬哦
-1|20161102115345|168|1042|车是11年9月买的
-1|20161102115345|168|1043|这是本人第2辆车
-1|20161102115345|168|1044|刚做玩二保
-1|20161102115345|168|1045|这么晚发帖有点懒哦废话不多说了，直接上图
-1|20161102115345|168|1046|好的不好的欢迎大侠们拍砖
-1|20161102115345|168|1047|为了前段时间买的一辆自行车，昨天去装了行李架
-1|20161102115345|168|1048|还没想象中的那么难看，不管你喜不喜欢，反正我喜欢了
-1|20161102115345|168|1049|过几天上行李架的照片
-1|20161102115345|168|1050|更新行李架作业http://club.autohome.com.cn/bbs/thread-c-880-15249005-1.html老婆的素颜上车车在自己店门口
-1|20161102115345|168|1051|漂亮的前脸还是大气的前脸
-1|20161102115345|168|1052|喜欢半年开了10000多公里小弟的油耗，不知道高不高
-1|20161102115345|168|1054|但想想还是算了，就原装的用用吧大耳朵还是大耳朵，视线那是非常的好大脚，有点脏
-1|20161102115345|168|1056|胎里面嵌了好多好多的小石头
-1|20161102115345|168|1057|PP还是PP超漂亮的仪表盘，当时买小奥这就是主要的其中原因之一，呵呵，小奥里面看大汉
-1|20161102115345|168|1058|是隔壁店老板的
-1|20161102115345|168|1059|大汉也是我之前非常想买的一辆车
-1|20161102115345|168|1060|种种对比之后，最后还是选择了奥德赛方向盘挡吧门按钮电加热小奥和隔壁的大汉折叠第三排后的后备箱
-1|20161102115345|168|1061|忽略杂物
-1|20161102115345|168|1062|刚帮朋友店装完监控
-1|20161102115345|168|1063|本人有点懒，就没拿掉中空台标下次保养时间本本再来几张隔壁的大汉最后还是以老婆的素颜结尾第一次发这样的作业，好累哦
-1|20161102115345|168|1064|版主一定要给精哦
-1|20161102115345|168|1066|不要让奥德赛论坛这么冷清了，大家一起顶起来吧
-1|20161102115345|168|1067|顶的人多了，发帖才有动力莫，各位认为小弟说的有点意思的话那您走过就留点痕迹吧
-1|20161102115345|168|1068|更新行李架作业http://club.autohome.com.cn/bbs/thread-c-880-15249005-1.html??
-1|20161102115345|169|1069|做完4保大概有快一月了，刚做完后也没感觉发动机声音有什么明显变化，可是最近这两天不知怎么的发着车后感觉声音小了，抖动也没有原来那么厉害（有一阵也是感觉连座椅都抖），我当时都怀疑是不是我的右悬挂总成也不行了
-1|20161102115345|169|1070|当时别说立硬币，估计放盒烟都能抖下去，四保换的机油还是长城的红喜力，是因为气温的原因吗
-1|20161102115345|170|1071|自从换了鹏斯5W-30机油后感觉还是不错的，（已经使用了3000多KM了）比起水灰来，上坡的声音小多了
-1|20161102115345|170|1073|虽然做了平静三明治防火墙隔音，但还是无法忍受发动机一到3000转就类似发疯的感觉
-1|20161102115345|170|1074|于是就有了下面的这个东西托库MPZ机油添加剂
-1|20161102115345|170|1075|左边的是托库的防水润滑脂，右边的是MPZ
-1|20161102115345|170|1076|这是反面
-1|20161102115345|170|1077|先说下防水润滑脂，是紫色的膏体，我把它涂在换档杆下面，换挡时轻了很多
-1|20161102115345|170|1078|还涂了一些到家里的每个门锁上?MPZ的说明一瓶MPZ（355ML）可以添加到4-6L机油中去，但这东西据说会对三元不好，于是按照网上比较流行的方法只加入机油量的2%，也就是60ML
-1|20161102115345|170|1079|???加这两样东西的时候没拍照片，因为手实在是太油了
-1|20161102115345|170|1081|但跑了近100KM时感觉就完全不同了，起步时油门和平常一样，但感觉很滑，虽然还有点抖动，但小了点
-1|20161102115345|170|1082|3档时刻意的把速度一下子拉到60码声音不那么暴躁了，而是比较低沉的频率不大的声音，而且上升过程一点也不拖泥带水，很干脆
-1|20161102115345|170|1083|昨天刻意到全封闭路段，把车速拉到120，稳定了约5分钟，仔细的感觉了下，声音真的不一样了，而且本来车子将近120码是会有个明显的共振也小了很多，从100码加到120码（非急加速）整个过程的噪音几乎没有变化
-1|20161102115345|170|1084|这下真的是静音王了
-1|20161102115345|170|1085|据一些有经验的DX说敏感的人才加进去踩油门就会感觉不同了，一般开到300KM以后会有更好的表现包括油耗也会减少
-1|20161102115345|170|1086|油耗这一时也测试不出来，再者现在天气渐渐回暖，减少一点也属于正常，加上路况不同，所以我也不准备去比较油耗，因为根本没可比性
-1|20161102115345|170|1087|另外还要提醒下就是最好原来使用的是SM等级的机油
-1|20161102115345|170|1088|最后送上我儿子当小花童时的可爱照片
-1|20161102115345|171|1089|换的轮毂'大家看看怎么样
-1|20161102115345|172|1090|提车快一个月了这两天终于买了些装饰品装饰我的爱车?看了半天还是D.A.D的东西漂亮?废话不多说上图（冷光踏板还没到装好了再上）套套?（请忽略后面那条红布没办法家人比较信这些非给我捆上）貂毛挂件这个真不错估计白色会更配黑内香水座香味不行样子不错头枕+抱枕?一套的纸巾盒谢谢欣赏??
-1|20161102115345|173|1091|测试基于USB播放：T6舒适，前一阵子专门试过所有的格式：WAV、MP3、WMA、M4A、AAC等，结果如下：MP3：支持，最高测试过320K码流，7MBWMA无损：用Xilisoft转换器转换原CD为LosslessWMA，36MB，可以播放，但是有奇怪的背景音，无法消除WMA320K：用Wondershare转换器从CD转换，选择时512K，结果为320K，可以播放M4A：Mp4格式，可以播放WAV（无损），40MB：不支持；AAC：不支持AppleLossessAIFF：不支持OGG：不支持AVI：封装LosslessWMA到AVI视频中，无法播放，一播放USB就不认了FLAC：不支持AC3：不支持最终结果，320KMP3还是最佳选择，512KWMA也是一个不错的方案如果选择WMA格式，可以下载Tag&Rename来管理WMA的tag，不乱码
-1|20161102115345|173|1092|缺憾：如果直接支持WAV就好了，其实，WAV除了文件大以外，音质是和CD一模一样的
-1|20161102115345|173|1093|现在一张CD750MB，一个32GB的USB可以存储40张CD
-1|20161102115345|173|1094|其实MP3等格式也是在解码芯片也是解码成无损的波形再播放，理论上可以通过升级?senses软件来支持WAV格式，就不知道Volvo有没有这个心了
-1|20161102115345|173|1095|舒适是HighPerformance音响系统，整体比?Premium差不少，播放无损音源可能还不会觉得和MP3差异有多大，Premium的音响用MP3可太浪费了
-1|20161102115345|173|1096|?
-1|20161102115345|174|1097|在淘宝上看到有几款卖的比较好的1、天之眼2、纽曼的3、卡仕达哪位用过这几个牌子的导航啊帮忙推荐一下
-1|20161102115345|175|1101|个人认为，备胎可以设计成内置，随车工具可以放在备胎旁的空间里，不需要占用用一层高度空间的储物格，这样，后备箱空间会大很多
-1|20161102115345|175|1102|各位DX是什么看法
-1|20161102115345|176|1103|我的车P版在市区跑13个油了E97的?我感觉费油我是北方地区的我们这只有乙醇汽油没有无铅的?是不是乙醇汽油比无铅汽油费油大家研究一下
-1|20161102115345|177|1104|4S店送的全车膜，3M的，还算不错
-1|20161102115345|177|1105|搞好后?回家发现，左前大灯里面有雾，还有尾厢里流进水
-1|20161102115345|177|1106|难道是洗车冲进去的
-1|20161102115345|178|1107|自己了解的有卡仕达，路畅，荣飞
-1|20161102115345|178|1108|装哪个好（导航、轨迹、胎压）
-1|20161102115345|178|1109|担心影响原车的音质，以及原车功能键和usb接口
-1|20161102115345|178|1110|烦给位用过的推荐一下
-1|20161102115345|179|1111|近来K5街上跑的越来越多，但主要是以白色为主，其他色太少
-1|20161102115345|179|1112|本人去4S试驾后，感觉2.0动力相当不错了，隔音很好
-1|20161102115345|179|1113|出乎意料
-1|20161102115345|179|1114|这个价位这个配置相当不错了
-1|20161102115345|179|1115|呼市现在的优惠是1.5万+导航
-1|20161102115345|179|1117|问销售人员丝缎银和钻石银的区别，一问三不知
-1|20161102115345|179|1118|铂金灰网上车友作业几乎找不到
-1|20161102115345|179|1119|白车固然拉风，但是不是金属漆，而且实在太多了，不是不喜欢，是实在不想从众
-1|20161102115345|179|1120|不知道铂金灰的感觉如何，应该会更稳重一些
-1|20161102115345|179|1121|只是无法找到具体的颜色图片
-1|20161102115345|179|1122|汽车之家的图片看着颜色很浅
-1|20161102115345|179|1123|好像银色一样
-1|20161102115345|179|1124|哪位是铂金灰的车主，麻烦上传几张图片欣赏一下吧
-1|20161102115345|180|1125|小三用的是普通火花塞还是双铂金火花塞
-1|20161102115345|180|1126|有帖子说双铂金火花塞可以提高动力10%到20%,如果真是这样的话，很有必要用双铂金火花塞，只是不知道小三用的是什么火花塞
-1|20161102115345|181|1127|今天去了广州马场店，2.0GLSAT全景天窗+LED版,现在优惠4W，但要加1万装导航
-1|20161102115345|181|1128|上牌费，17800（不含保险）
-1|20161102115345|181|1129|大家说值不值?车价是184800
-1|20161102115345|182|1130|我是1.5尊贵版的车主，综合油耗一般在8-9个左右／百公里．看过其他同学分析1.51.8油耗之分析，我觉得没有道理，总体是1.8省油．1.5费油，只有一个原因，1.5的发动机参数以及小马拉大车等.跟驾驶人的技术水平没有关系，1.5的驾车技术都不好吗
-1|20161102115345|182|1131|1.5的都刻意省油小油门低转速驾驶
-1|20161102115345|182|1132|1.8的驾车水平都高都好
-1|20161102115345|182|1133|1.8的不在意油耗，反而省油
-1|20161102115345|182|1134|实话跟你说，我按照２０００转以上行驶，发动机声音在行驶中比我平时1800-2000转的开车声音大一些，油耗都12个左右．所以说，分析归分析，终究没有实践，现在的时代，不像以前，汽车数量少，开过的车也少，现在我想大家都开过许多不同品牌型号的车．驾校的车，亲友的车，同事的车，朋友的车，驾驶方法都大同小异，都是一样的开呀，我们平时开车关键是听声音不脱挡，转速大小全凭耳朵，发动机转速，动力，挡位以及扭力，这一切都在心中，开车偶尔可看几眼转速表，但不能开车的时候两眼总是盯着看转速表呀，有的1.5路况好也省油，有的1.8路况不好也费油，但是总体来讲1.8比1.5省油是大概率事件，我们说统计一件事都说的是大概率．
-1|20161102115345|183|1135|另外请教大家，这个车适合上了年纪的人开吗，方向重不重，谢谢
-1|20161102115345|184|1136|?今天艳阳高照，睡了个懒洋洋的觉就出门了
-1|20161102115345|184|1137|天气好心情也好，但是没想到接下来发生的让我情何以堪
-1|20161102115345|184|1138|?下午四点多把车洗了下，打算5点去吃自助餐，由于中间还有时间就驱车前往某售楼出看看，听说今天有活动价格很优惠，车刚刚开到售楼处门口看见那一排排的全都是车，觉得停车要很远很麻烦，就有点犹豫是否要进去问，正在我挂P挡和男朋友商量是否要进去的那一瞬间，两个男人推了4个偌大的音箱过来，结果走到我车面前的时候其中一个男人由于粗心大意没有扶好，大音响直接迎面倒在我的小5脸上，我那个心滴血啊
-1|20161102115345|184|1139|怎么就是那一分钟的时候他们来了，怎么就是那么大的路他们从台阶推下来偏要靠我车走，怎么那一瞬间他就是没扶稳
-1|20161102115345|184|1140|真的可怜了我的小5，过年刚买的，从来没出过事故被他这么一弄我又要维修又要担心色差还得在4S待上2-3天，明天的事情也办不了
-1|20161102115345|184|1143|我马上打交警电话，交警说这是人和物，不属于交通事故，后来我又找了110，保险公司也来了
-1|20161102115345|184|1144|110帮我把他的音响扣留了，明天帮我修完以后才会还给他
-1|20161102115345|184|1145|请问下大家，我第一次处理这个事，我是该这样处理吗
-1|20161102115345|184|1146|带他去4S修理?是这样的吗
-1|20161102115345|184|1147|那我打的保险那边是不是要注销掉
-1|20161102115345|184|1148|因为第二年会上涨保额
-1|20161102115345|184|1149|还是我等那个人帮我付完维修费之后那去报销保险
-1|20161102115345|184|1150|?怎么处理妥当????头大头大，明天事情办不了了，这几天也不能用车，而且去4S差不多50-60公里，去了回来还要自己打车回来
-1|20161102115345|184|1151|?哎
-1|20161102115345|184|1153|谢谢大家给我点建议
-1|20161102115345|185|1154|刚才给荆州安泰汽修打电话咨询了，二保要是自己选择换黄壳是165，机滤25，免收工时费
-1|20161102115345|186|1155|我是武汉的,昨天去SSSS店看了C30，觉得各方面都还不错，想入手，有么有武汉的C30团购群，人多力量大
-1|20161102115345|187|1156|版主不删呀，论坛的兄弟们，帮帮我女儿投一票，http://www.61xts.com/angels-view.aspx?angelno=19785?深圳小天使投票，帮忙投张票，所有感激，只用谢谢两字带过，谢谢大家
-1|20161102115345|187|1157|我女儿，大家帮个忙吧，谢谢
-1|20161102115345|188|1158|在钥匙插入和拔出时（未点火）发动机总是有啪?啪的声音，请教各位大侠是否正常
-1|20161102115345|188|1159|（以前没有这种声音，2月底提的新车呀）
-1|20161102115345|189|1160|本人对k5一见钟情，打算入手，可好多的朋友和网友都劝我别买k5理由就一个年龄稍大了（本人快40了）说k5太拉风了只适合年轻人，纠结啊，敢问坛子里的朋友，你们是怎么看待这年龄问题的，望不吝赐教，先谢过了
-1|20161102115345|190|1161|IX352.42驱208000怎么样,贵不?送导航(凯立特)+太阳模+前后保险杠+左右侧踏板+钛合金护板+一健升窗器+坐套+垫子?
-1|20161102115345|191|1162|2011年年底的车，现在才2600公里，持续增多中，女朋友的老爸要送我新速腾，故出此车，爱车真的很适合家用，油耗也不高，12款手豪，次顶配的····6.75万指导价，办下来软装什么的?8w多点，先准备出6.5w，不讲价，必须过户，欢迎朋友站内消息我，约时间看车···
-1|20161102115345|193|1163|K5新车在磨合期能载几个人
-1|20161102115345|193|1164|磨合期的车上高速时速控制在多少
-1|20161102115345|194|1165|c30容易生锈的地方
-1|20161102115345|194|1166|还有1.水箱上横梁,把它拆下来,你就会看到没有电泳到得位置了,自己点点防锈漆,2.大灯斜拉梁拆下来,3.前后门下边的角,里面会生锈,想法整一下,最好是新车时就做好（这点好找）大家能不能把前两个地方找出来啊
-1|20161102115345|196|1167|2012年3月16日16点30分左右在长沙市二环?阳光100地段被一益阳牌黑色比亚迪（还挂有红绸）刮了，等我停车查看，该死的肇事车既然跑了
-1|20161102115345|196|1168|可恨没看清他车牌
-1|20161102115345|196|1169|强烈诅咒他
-1|20161102115345|197|1170|??各位不知道有没有给一体机换7850的车主啊?有的话说说效果怎么样???在哪一家买的是否正品??最近想弄一下?大家说说看看吧
-1|20161102115345|198|1171|今天艳阳高照，正好车提回来老爸还没有试驾过，拉个小长途吧，到山寨上摘些枝桠拿回去种，话不多说，直接上片片
-1|20161102115345|198|1172|烂路上灰好大的
-1|20161102115345|198|1173|小圆镜的作用不多说，确实实用
-1|20161102115345|198|1174|其实天气不错，就是手机像素差，没能照出好的效果
-1|20161102115345|198|1175|太酷了，去年送老爸的暴龙眼镜，带着出去迷死了好多人
-1|20161102115345|198|1176|老妈在贵宾位置，VIP呀
-1|20161102115345|198|1177|妈，给儿子笑一个
-1|20161102115345|198|1178|要不儿子给您笑一个
-1|20161102115345|198|1179|道路还是挺烂的，小三的通过性还是蛮不错的
-1|20161102115345|198|1180|路漫漫
-1|20161102115345|198|1181|说起这段路，是我以前骑山地车的常规路线，一般的开车师傅在车条道路上没我骑自行车快的
-1|20161102115345|198|1182|路上经过农家路，建在一个山洞里面的，说实话，破坏了原有的风景
-1|20161102115345|198|1183|看到路边好多山胡椒的树枝，停车开工
-1|20161102115345|198|1184|老爸停车后还是觉得意犹未尽啊，感叹，这车还真是不错啊
-1|20161102115345|198|1185|妈妈紧紧地盯着她的树枝
-1|20161102115345|198|1186|呵呵和小三合个影
-1|20161102115345|198|1187|突然感觉这个角度很有FEEL，于是毫不犹豫的照了起来
-1|20161102115345|198|1188|是不是很有力量的感觉
-1|20161102115345|198|1189|妈妈的收获，开心死了
-1|20161102115345|198|1190|老爸也不错啊，你还玩起了嘻哈来了，潮，果然是潮
-1|20161102115345|198|1191|这是在路中间看到的，太惨烈了，马路危险啊，安全铭记心中啊
-1|20161102115345|198|1192|大收获啊
-1|20161102115345|198|1193|自拍一张，突然发现这几年真的瘦了好多
-1|20161102115345|198|1194|自己都看不下去了
-1|20161102115345|198|1195|小三依然在哪里静静的等待着我们
-1|20161102115345|198|1196|生人勿近，熟人勿扰
-1|20161102115345|198|1197|犀利的大灯
-1|20161102115345|198|1198|性感的小PP
-1|20161102115345|198|1199|我也无偿广告一下吧，这个角度确实不错
-1|20161102115345|198|1200|记录行程的点点滴滴
-1|20161102115345|198|1201|路还远，可惜不是我家的方向，再见吧，改日再续
-1|20161102115345|198|1202|2012年的春天来了，朋友们一定要多陪陪自己的爸爸妈妈多出去玩玩
-1|20161102115345|198|1203|让他们也好好享受天伦之乐
-1|20161102115345|198|1204|好了，也不多说了，媳妇嚷着叫我煮夜宵，给位下星期见了
-1|20161102115345|199|1205|哥们你回帖没问题，你就只回个表情留个爪也没问题，可你没事老COPYPAST别人的回帖干嘛
-1|20161102115345|199|1206|你自己打几个字不行吗
-1|20161102115345|199|1207|无意冒犯，纯属好奇
-1|20161102115345|200|1208|刚刚在全球鹰的新浪官方微博上看到在厦门举行的试驾会，是不是真的要上市了，吉利啊，不要再跳水啦，急死人的
-1|20161102115345|202|1210|许久没来看了，看到许多车友在说这里问题，也有许多小白与车黑的评论，感觉到大家的汽车基础知识不足
-1|20161102115345|202|1211|???先说二次打火，许多车友都说出有这种问题，特别是停上20~30分钟时最明显，而且去查也查不出的：小3用的是铝合金发动机，传热性比普通铸铁的快
-1|20161102115345|202|1212|所以在停车后，在没有水循环冷却的情况下，热量会传递到送油管
-1|20161102115345|202|1214|但ECU也是不笨的，二次启动时候就会针对这种情况进行微调，适当的加大供油量与减小节气门开口
-1|20161102115345|202|1215|车用汽油发动机在温度为0～20℃时，最低起动转速一般为30～40r/min
-1|20161102115345|202|1216|???ECU：小3主要有两大品牌的BOSCH、CONTINENTAL
-1|20161102115345|202|1217|BOSCH是1886年在德国创建，生产内燃机的点火系统——高压电磁点火系统（化油器型）
-1|20161102115345|202|1218|CONTINENTAL是德国大陆集团（马牌），始建于1871年，总部位于德国汉诺威市，是世界第三大轮胎制造企业、欧洲最大的汽车配件供应商
-1|20161102115345|202|1219|主产品有制动系统、底盘零配件、车辆电子元件、轮胎和高科技橡胶
-1|20161102115345|202|1220|而不是车友们说是SIEMENS西门子
-1|20161102115345|202|1221|ECU的好坏与品牌没有关系，就像你买品牌电脑与同配置的组装电脑
-1|20161102115345|202|1222|把ECU拆开就知道了，其实里面就一组电容加精密集成块
-1|20161102115345|202|1223|真正与车有关的只有写入里面的数据
-1|20161102115345|202|1224|把这两个牌子的数据提出来比较是一样的，区别只分MT与CVT而已
-1|20161102115345|202|1225|而且这东西的成本也非常高，拿货都要差不多6000元左右，厂家当然是那个便宜用那个的了
-1|20161102115345|202|1226|（驻车加油不超过4000转是ECU里的保护数据，两个品牌都有）???收油挫车：这处问题就涉及方面比较多，一方面是平时的驾驶习惯，经常急加速急停的车友，ECU会针对这种情况，在丢油后为了保证转速供油，但ECU又发现车主的目的是为了减速而又断油
-1|20161102115345|202|1227|而平顺驾驶的车主就很少出现这种情况
-1|20161102115345|202|1228|另一方面因为小3用的是内置式链条传动，与外置式皮带传动不同，皮带在收油转化发动机牵制力时可以起到缓冲作用
-1|20161102115345|202|1229|而链条传动就是把作用力直接反馈出来，在低速时极其明显
-1|20161102115345|202|1230|而且小3用的是DOHC发动机，低扭力不足，而SOHC发动机则相反，低扭好
-1|20161102115345|202|1231|低转速在可变气门的变化下链条传动牵制力就形成了挫车
-1|20161102115345|202|1232|而且MT的DOHC车无论什么牌子的，除非是大排量的，在过低转速与低速档配合下都会挫车
-1|20161102115345|202|1233|???冷车挂挡冲车：CVT的情况是因为天气情况，让变速箱内的缓冲胶与弹簧过硬造成的
-1|20161102115345|202|1235|???抖动：如果发动机转速在1000转或更高情况下还是抖动的，这是凸轮轴动平衡不均造成的，后果是让机脚快速损耗
-1|20161102115345|202|1236|而行驶中方向盘抖动一般都是车友换胎后没作车轮动平衡或是前轴轴承损耗形成的
-1|20161102115345|202|1237|??????我的车用的ECU也是CONTINENTAL的，但油耗没你们说的那么高，纯市区偶尔开空调也才7.3个油
-1|20161102115345|202|1238|而且我还没过首保，用的机油还是研磨性比较高的出厂油，动力损耗比较大的
-1|20161102115345|202|1239|二次打火没出现过，每天停车时我都怠速半分钟左右让发动机循环冷却一下
-1|20161102115345|202|1240|还有就是小3的断油设计点差不多在1300转左右，低与这个转速就没必要带档滑行了，与空档相差无几了，这样还可以减少可能形成挫车带来的伤害
-1|20161102115345|202|1241|???最后说一下日常维护目的：保持车容整洁，及时发现和消除故障、隐患，防止车辆早期损坏
-1|20161102115345|202|1242|?出车前的日常维护?1.检查散热器水量、燃料箱油量、润滑油油量是否合乎规定
-1|20161102115345|202|1243|?2.检查轮胎气压是否合乎规定及轮胎螺栓紧固情况
-1|20161102115345|202|1244|?3.检查各大部分有无漏水、漏油、漏气和漏电现象
-1|20161102115345|202|1245|?4.检查轮胎、传动轴、钢板弹簧等外露部位的螺栓、螺母是否齐全有效
-1|20161102115345|202|1246|?5.检查转向装置和横、直拉杆等连接部位是否牢固
-1|20161102115345|202|1247|行车制动装置、驻车制动装置和离合器的工作情况是否良好
-1|20161102115345|202|1248|?6.检查灯光信号、喇叭、雨刷器的工作情况
-1|20161102115345|202|1249|?7.检查风扇、空气压缩机传动带的松紧度
-1|20161102115345|202|1250|?8.启动发动机，检查发动机运转是否正常，无异响，各仪表工作是否正常
-1|20161102115345|202|1251|?9.检视车容、行车装置情况
-1|20161102115345|202|1252|?行驶中的日常维护?汽车行驶一段路后，应停车检查保养?1.检视各种仪表工作情况；检查有无漏水、漏油和漏气情况
-1|20161102115345|202|1253|?2.检查轮毂、制动装置、变速器的温度
-1|20161102115345|202|1254|检查转向器、驻车制动器和离合器的工作是否有效可靠
-1|20161102115345|202|1255|?3.轮胎气压，清除双胎间和胎面花纹中的夹杂物
-1|20161102115345|202|1256|?4.检查各机件的螺栓、螺母的紧固情况及汽车各大部件有无异响
-1|20161102115345|202|1257|?收车后的日常维护?1.检查发动机运转情况，检查的补充燃油的冷却水
-1|20161102115345|202|1258|?2.检查各部位有无漏油、漏水、漏气和漏电现象
-1|20161102115345|202|1259|?3.检查发动机润滑油油量
-1|20161102115345|202|1260|按规定对润滑点进行检查并添加润滑油（脂）
-1|20161102115345|202|1261|?4.检查轮胎气压，清除胎间、胎面杂物
-1|20161102115345|202|1262|?5.检查风扇、空气压缩机传动带的松紧度，必要时予以调整
-1|20161102115345|202|1263|?6.检查照明装置、信号装置和雨刷器的工作情况
-1|20161102115345|202|1264|??此贴只求让更多人知道一些真正的基础知识
-1|20161102115345|204|1266|有没有危险啊
-1|20161102115345|204|1267|可又实在没时间去4S看看，请大哥大姐们教教我，你们有没有类似情况
-1|20161102115345|205|1268|12代皇冠后车门高音口原车是封死的~有没人改过
-1|20161102115345|205|1269|哪里有这改装件卖
-1|20161102115345|205|1270|好象听说12代vip版的就原车有高音的
-1|20161102115345|206|1272|提车回来用了几次，10次有8次找不到想去的地方
-1|20161102115345|206|1273|原来老车用凯立德的时候，基本都能找到
-1|20161102115345|206|1274|我一路盲，这地图可怎么用啊
-1|20161102115345|206|1275|求高人，实际操作过的，换凯立德的详细解决方案
-1|20161102115345|206|1276|解决后不要影响原车其他功能
-1|20161102115345|206|1277|跪求
-1|20161102115345|207|1278|朋友们都安装的什么样的倒车雷达
-1|20161102115345|207|1279|安装胎压检测了么
-1|20161102115345|207|1280|??我看铁将军独立显示屏的?很便宜几百而已?，，有一种是防炫目后视镜上面集成的6探头带胎压的要3000多，，，你们都装的什么样的
-1|20161102115345|207|1281|??独立显示的便宜但是看着不太高档啊
-1|20161102115345|207|1282|迷糊哎?集成的到漂亮但是贵不说就怕有毛病了以后就废了
-1|20161102115345|208|1283|到底是哥哥和弟弟?还是姐姐和妹妹?又或是双胞胎???难道是GX7出1.8的,SX7出2.0和2.4的?
-1|20161102115345|209|1284|腾翼C30手豪最低价多少能拿下
-1|20161102115345|210|1285|如题，2.0的4G94发动机长轴版最大功率89Kw,最大扭矩168，这车如果拉重量在1吨左右的货是不是很吃力
-1|20161102115345|210|1286|会不会很伤车啊
-1|20161102115345|211|1287|日月山日月山日月山可爱的白牦牛照它是收费美丽的青海湖一角这是刚买完车不久，开车去了一趟青海湖游玩，因照相机是朋友的，自已的忘拿了，见谅
-1|20161102115345|212|1288|手机照的，还可以吧
-1|20161102115345|212|1289|阳光保险送的，自己买了两个海绵
-1|20161102115345|212|1290|东西齐了
-1|20161102115345|212|1291|洗车、打腊完成再来一张，轮胎脏了点
-1|20161102115345|212|1292|呵呵再来强室内的
-1|20161102115345|213|1293|时迁有一个大哥,你呢?至少你是出名了,有名就好办了
-1|20161102115345|214|1294|今天我们这边大雾，能见度最低50米???大约有10%的车灯都不开（别说雾灯了，示宽灯都不开）你TM想死没人拦着你、你别捎上别人呀??10%的开着双闪当雾灯，NM你要是拐弯打什么灯啊SB太多了?依稀记得当年学车的时候，师傅根本就没教过灯光怎么使用??现在还是这种情况吗
-1|20161102115345|214|1295|中国汽车不多，死的人可是NO.1??我好像明白点儿什么了????
-1|20161102115345|215|1296|吉林市智跑群里一个叫小雨的朋友发的照片，觉得选择智跑很明智，因为这车还可以这么开，哈哈，我帮朋友发上来，具体的文字内容等小雨朋友填写
-1|20161102115345|215|1297|160多公里，来回6个多小时的路程，就可想而知，路是多么的难走了
-1|20161102115345|215|1298|?
-1|20161102115345|216|1299|没见到哪个车友改过前铲啊，A款的
-1|20161102115345|216|1300|有木有改过的发个侧身图
-1|20161102115345|216|1301|还有韩版的尾翼，那种淘宝100多的就算了
-1|20161102115345|216|1302|韩版的是带弧度的
-1|20161102115345|217|1303|跑跑提车半月有余，每次加油200元（97号），连续三次
-1|20161102115345|217|1304|今天出门，上次200元油已经跑266公里，油箱基本没油了，续航里程已经不在显示
-1|20161102115345|217|1305|加油时加到41升就显示以满，行车电脑显示续航里程显示545公里，我感觉不对，换个油枪继续加，又加入7?55升，合计不到49个油
-1|20161102115345|217|1306|但行车电脑依然显示续航里程为545公里
-1|20161102115345|217|1307|开车时，续航里程有下降
-1|20161102115345|217|1308|疑问：1、跑跑油箱到底有多大容积
-1|20161102115345|217|1309|2、续航里程应该是多少
-1|20161102115345|217|1310|3、我第二次加的有年，哪里去了
-1|20161102115345|217|1311|肯请各位大侠指教
-1|20161102115345|217|1312|谢谢
-1|20161102115345|218|1313|如题，求苏州地区智跑和狮跑手动高配及GLSMT2.0裸车价格，希望知道的透漏下，谢谢
-1|20161102115345|219|1314|谁知道K5能优惠多少啊
-1|20161102115345|219|1315|徐州的朋友
-1|20161102115345|220|1316|前几天在淘宝买了一对氙气灯带安定器，今天收到货去朋友那里安装，安装后出现个问题，一开灯闪两下就灭了，要开关3次灯才可以亮安装师傅说是电压不够，需要加装一对继点器就好了，我回家上网问了一下卖家他说也是电压问题，他家没有继电器，但是他说他家有线组加装一根H4线组就可以了和继电器一样，不知能不能行啊，求大哥解答
-1|20161102115345|221|1317|请教奥德赛车友;小奥有必要做隔音吗
-1|20161102115345|222|1318|昨天去4S首保：换了机油（SJ10W-40),机滤，汽滤，空滤和齿轮油（80W-90GL4)
-1|20161102115345|222|1319|自己付费100大洋加了一新车磨合宝，回来在高速上拉到148迈，感觉发动机声音平顺多了4520KM首保
-1|20161102115345|223|1320|2454519的胎'高速超稳
-1|20161102115345|224|1321|全国人民喜迎油价上涨
-1|20161102115345|224|1322|朋友们，你的小三，今天吃饱了吗
-1|20161102115345|224|1323|苦笑中
-1|20161102115345|225|1324|从年前就开始关注35,这两三个月一直在论坛潜水,期间几度犹豫,因为异响,塌屁股.也去看了新CRV,那屁股老婆立马就否定了,逍客,空间有点小,转了一大圈,还是忠于自己的第一感觉,就是喜欢35啊.本来是想等新发动机上市的,前天看了论坛里关于新发动机的返修率高的贴子,回家和老婆一商量,决定下手了.和车商也谈了几次价格,最后谈到优惠1W8,裸车价18W58,送些不值钱的小赠品.四川的二线城市,这个价格应该没法再低.下午去交定金了.有在四川买的车友来说说,这价格行不?特别是成都省的,说说你们的价格吧.
-1|20161102115345|226|1325|请问各位我的车在正常行驶中可以听到发动机里面哗啦哗啦的响声，在怠速下也有，转速越高响的越紧凑，是不是气门响的啊
-1|20161102115345|227|1326|最近想入手跑跑2.0GLSAT，能上海买车上苏E牌照吗
-1|20161102115345|227|1327|我问了好几家4S店，都说有地区限制的
-1|20161102115345|227|1328|坛子里有在上海买车上异地牌照的谈谈具体在哪买的
-1|20161102115345|227|1329|怎么买的
-1|20161102115345|228|1330|今天开车拉LD出去玩了一圈偶然看到一块石头上有字
-1|20161102115345|228|1331|?仔细一看，挖操，牛B，还有繁体字
-1|20161102115345|228|1332|利器刻上去的，仔细看好像是?康熙四年九月十八便利门人?门是繁体后边的我没看清怎么回事
-1|20161102115345|228|1333|?上边好像还有藏文，要不就是其他文字
-1|20161102115345|228|1334|反正看不清
-1|20161102115345|228|1335|??上图
-1|20161102115345|230|1336|福州这边的2012款，只给优惠1W
-1|20161102115345|230|1337|想问问有谁买了2012款，优惠很大的
-1|20161102115345|231|1338|是新款皇冠吗原版车型?皇冠车主来看看
-1|20161102115345|232|1340|各位的车子如何，求老手解释
-1|20161102115345|233|1341|刚去了4店试驾途胜，聊了聊途胜手动时尚型的优惠，原价16.98万，最后给到优惠完13.4万，什么都不送，保险4大主险，加盗抢险，一共5000，上牌费500，购置税13200，最近关注途胜手动时尚型的同学看看，这个价格还有可谈的余地吗
-1|20161102115345|234|1342|2012款2.0四驱劲酷导航版辽宁的这款最便宜的多少钱，换回3滤多少钱（4S）
-1|20161102115345|235|1343|4s报价105900.mt高配
-1|20161102115345|235|1344|导航天窗
-1|20161102115345|235|1346|空间还行
-1|20161102115345|235|1347|我也关注很久了
-1|20161102115345|235|1348|不是喷哈
-1|20161102115345|235|1349|关于at消息
-1|20161102115345|235|1350|mm说4月分就上
-1|20161102115345|235|1351|语气非常肯定
-1|20161102115345|235|1352|店里有好几台gx7
-1|20161102115345|235|1353|但没有试驾车
-1|20161102115345|236|1354|请问各位大侠
-1|20161102115345|236|1356|请赐教
-1|20161102115345|236|1357|还有手套箱怎么拆啊
-1|20161102115345|236|1358|最好有图
-1|20161102115345|236|1359|我小三是12款的手舒
-1|20161102115345|237|1360|刚才去接老婆下班，半路停下去银行取钱，再次上车启动熄火，二次启动没熄火，我在想难道我也要去洗洗了
-1|20161102115345|238|1361|版主觉得需要处理的话请pm我~长度(mm)：4454宽度(mm)：1798高度(mm)：1545轴距(mm)：2760前轮距(mm)：1500后轮距(mm)：1529最小离地间隙(mm)：194
-1|20161102115345|239|1362|以下在网上淘的金属中网
-1|20161102115345|239|1363|大家看看来张近点的
-1|20161102115345|241|1364|哪位大侠好心给提示一下
-1|20161102115345|242|1365|刚刚接到电话，车子已经到达宁波了，等了一个多月终于等到了，太兴奋了
-1|20161102115345|242|1366|晚上准备去看看新车，估计过几天就可以送到家门口了
-1|20161102115345|242|1367|???提完车再发图片
-1|20161102115345|243|1368|~~~~~~~~~~~~~~~~~~~~~~~~~
-1|20161102115345|244|1369|新车大灯有雾气正常吗
-1|20161102115345|244|1370|各位大侠告知下谢谢
-1|20161102115345|245|1372|以前好像没有这种感觉?我在江西九江?气温应该不是问题?车跑了八千公里?
-1|20161102115345|247|1375|上次漏油经4s店检查是加油管漏油，给更换加油管总成后问题解决
-1|20161102115345|247|1376|这次加完油之后又出现漏油问题，去4s店检查说是油箱里的压力过大，油蒸汽在喘气油管处漏的油
-1|20161102115345|247|1377|让我再观察观察，出现问题再去回检
-1|20161102115345|247|1378|????????请问各位大侠?您们有没有遇到过这样的问题呀
-1|20161102115345|247|1379|帮我解决一下下吧
-1|20161102115345|247|1380|在此跪谢~~~~~??????????????????????????????????????车是今年刚买的2012款
-1|20161102115345|248|1381|gx718外观和性能没得说第一次购车和换车的朋友都能接受，我认为gx718致命缺陷是在内饰，还有坐椅太短了和我同悦一样一点不显大气，这样的内饰对首辆车的朋友也许能接受，因为有车的新鲜感对于细节是会忽视的，但对于像我们这样第一辆车（同悦）是国产的朋友是怎么也不能接受的，因为已经忍受了好几年这样国产车低档塑料，还有毕竟已经三十岁出头了车子带个人什么的面子下不来
-1|20161102115345|248|1382|gx718外观我是喜欢的但内饰真的接受不了毕竟车子是天天陪着你好几年的需要高档舒服点的内部环境（已经受够了我的同悦），如果内饰不提高我宁愿晚换车一年多攒一年的钱，直接上IX35
-1|20161102115345|248|1383|现在选车心态已经理性多了更注重细节
-1|20161102115345|249|1384|新手前来报到，我是河北衡水的，2012年3月11日提的车，红色手豪，65500元
-1|20161102115345|249|1385|提车三天后驾照到手，无证驾驶了三天
-1|20161102115345|249|1386|除了在驾校动过车，从来没开过车
-1|20161102115345|249|1387|请高手传授传授开车技巧
-1|20161102115345|250|1388|没有带相机所以没有照片见谅
-1|20161102115345|250|1389|1、外观确实还是不错的，钣金的做工也很好，接缝都比较均匀
-1|20161102115345|250|1392|在汽车城里转了一圈，方向盘很轻，可以说非常轻，所以车子操作起来很灵活，开的是1.8的，动力基本够用，离合调教的不错，所以不容易熄火，档位一般谈不上好，底盘的整体性很强，但减震很硬，只开到3档且时间短就这么点感受
-1|20161102115345|250|1394|EC7的做工很好，GX7就差太多了，买车的基本上可以分为2类，一个头一次买车不懂车所以对车的要求不高，只关心价格，另一种是对车懂一些有些要求而不只看价格，GX7的定价基本上两者都不占，因此建议GX7把划到英伦品牌下的这款车做成低价车，用料甚至可以再差点，把价格下降5000-8000，以满足低价的要求，同时把GX7按照EC7的标准来做，提高档次价格可以提到10-12W区间，这样可以和H6，S6甚至和一些合资品牌来争夺市场
-1|20161102115345|250|1395|????吉利的品质路线没有错，GX7宣传的重点是安全和底盘，但车是一个整体，必须均衡，一些方面太强而另一些方面太弱也谈不上一个好车
-1|20161102115345|250|1396|应重视内饰设计这点吉利应该和比亚迪学习
-1|20161102115345|250|1397|????????
-1|20161102115345|252|1399|????????在这次采访中，李书福再次断言：“合资公司仅仅是一种过渡，最终必定是跨国公司和中国自主品牌的直接竞争”
-1|20161102115345|252|1400|他认为，跨国公司天天都在想怎么突破50%的规定，最好是独资，独资不成，也希望把合资企业规模做大
-1|20161102115345|252|1401|????????近二十多年来，我们一些官员和企业负责人，总想依靠合资企业使自己立于“世界汽车之林”，他们“只把杭州当汴州”，躺在合资企业身上不想爬起来，合资协议签了一期又一期，连子孙的饭碗都卖了
-1|20161102115345|252|1402|李书福的判断又是与众不同
-1|20161102115345|252|1403|它把合资企业看成“仅仅是一种过渡”，中国的民族汽车工业的建立，只能依靠自主品牌
-1|20161102115345|252|1404|??老李的最近采访录像，有兴趣的看下http://www.ce.cn/cysc/ztpd/12/lhft/lsf/index.shtml
-1|20161102115345|253|1405|车辆损失险4、常见除外责任（问答）(1)由于车辆本身质量问题造成的损失保险公司不负责赔偿，比较常见的有
-1|20161102115345|253|1406|答：（1）、发动机因其内部原因发生爆炸或爆裂、轮胎爆炸等
-1|20161102115345|253|1407|（2）、因本车电器、线路、供油系统等发生问题造成的火灾
-1|20161102115345|253|1408|(2)我的车被吊车砸坏了，保险公司负责赔偿吗
-1|20161102115345|253|1409|答：要分情况而定，吊车的吊物脱落以及吊钩吊臂或其它零件的断落，造成保险车辆的损失，保险公司负责赔偿
-1|20161102115345|253|1410|但是吊车本身在操作时由于吊钩、吊臂上下起落砸坏保险车辆的损失，保险公司不负责赔偿
-1|20161102115345|253|1411|(3)我能把小事故留到一起报案吗
-1|20161102115345|253|1412|答：最好不要这样做
-1|20161102115345|253|1413|因为事故责任和损失程度不好确定，而且保险车辆遭受保险责任范围内的损失后，未经必要修理继续使用，致使损失扩大的部分，保险公司不负责赔偿
-1|20161102115345|253|1414|(4)我的车在积水中起动使保险车辆的发动机损坏，保险公司负责赔偿吗
-1|20161102115345|253|1415|答：条款规定保险车辆在淹及排气筒的水中启动或被水淹后操作不当致使发动机损坏，保险公司不负责赔偿
-1|20161102115345|253|1416|(5)飞来的小石子将我的车风挡玻璃或车窗玻璃碰碎，保险公司负责赔偿吗
-1|20161102115345|253|1417|答：在车损险部分，玻璃单独破碎属于除外责任，保险不负责赔偿
-1|20161102115345|253|1418|但是如果您加保了玻璃单独破碎险后，保险公司负责赔偿
-1|20161102115345|253|1419|(6)我的车被楼上撒下来酸性液体或油漆污染，保险公司负责赔偿吗
-1|20161102115345|253|1420|答：条款中规定因为车辆的自然磨损、朽蚀、故障造成的损失，保险公司不负责赔偿
-1|20161102115345|254|1421|由于个人不太喜欢太大的车子，所以最开始锁定了X128i，后来一直等电子排挡杆，迟迟没有下手
-1|20161102115345|254|1422|没想到，杀出来个极光
-1|20161102115345|254|1423|彻底被征服了，样子很帅
-1|20161102115345|254|1424|当我以为我完全放弃了X1的时候，手贱又回论坛来看看，突然又冒出了另一种欲望
-1|20161102115345|254|1425|果然是纠结啊
-1|20161102115345|256|1427|有陕西铜川的没
-1|20161102115345|256|1428|铜川智跑群?221637830?就我一人
-1|20161102115345|257|1429|本人3月5日定了国产宝马x118i豪华版白色，平价提车，送防爆膜，二次保养，现在广州提车据说什么都不送了，而且还要6月份提车，由于女朋友喜欢A4L白色的，只要转让订金出去
-1|20161102115345|257|1430|提车时间是4月初，如果想第一批拿到x1的广州地区的朋友可以联系我啊谢谢了
-1|20161102115345|258|1431|???3月的呼和浩特，还是一幅隆冬景象，3日4日连着下了两天的雪，俗话说下雪不冷化雪冷，就连大街上来回窜动的汽车也感觉被冻的硬梆梆的，每一个车后面拖着白气，被无情的北风吹散
-1|20161102115345|258|1432|??天是冷的，可换车的心却热呼呼的，四年前，我拥有了人生中第一台车--黑色的比亚迪F3，那时候很知足，惬意的过着有车的生活，烟也从5块钱一包的升级到了7块
-1|20161102115345|258|1433|2年后换了第二台车，江淮和悦三厢，看对了它的空间，也是最缺乏理智的一次换车
-1|20161102115345|258|1434|我不想说前面两台车有什么不好，至少从没有为难过我，倒是大多时候自己杞人忧天，车如人，没有个不头疼脑热的
-1|20161102115345|258|1435|倒是我们这些车主，该反省我们对它的心态
-1|20161102115345|258|1436|??我也曾纠结于标志408?本田思域?K5之间，有一段时间躺在被卧里甚至想，标志的外形和空间?思域的灵动的科技感K5的档次还有比亚迪的价格整合在一起那该有多好
-1|20161102115345|258|1437|那只是个梦
-1|20161102115345|258|1438|??3月4日，当和和悦的新主人办完过户手续之后（离开之前，我握了他的手看着曾经属于我的和悦说：按时保养，开车慢点
-1|20161102115345|258|1439|），一看表，下午3点半，为了今夜避免无眠，招手拦下一台出租车，上车用沉稳极富男人磁性的声调对司机说了一句话：‘成吉思汗大街起亚4S店’，我突然觉得的声音从没有如此好听过
-1|20161102115345|258|1440|如果忘记一段感情如忘记一台车一般容易，人生会不会少一些痛
-1|20161102115345|258|1441|如果你无法忘记一段感情，是不是也可以套用以上办法，开始一段新的感情
-1|20161102115345|258|1442|???4S店的玻璃很大，太阳泛着红黄色的光，洒在我定好的K5身上，因为下雪，小王（4S的销售人员，）把我的车放在展厅一个角落里，擦的很亮
-1|20161102115345|258|1443|??说来好笑，我第一天到店里看K5，因为那几天帮人装修房子，穿的很破，没有人搭理我，也许我被看成一个工人为了避寒进去的，好多销售跟在光鲜的人后面，随时等待着顾客的提问
-1|20161102115345|258|1444|一个穿着销售工作服的小姑娘在大厅里茫茫然环顾着四周，我猜她一定是新来的，看着那些很有可能买车的人一个个都被眼尖的老销售们紧跟着，眼睛里满是焦急和无助
-1|20161102115345|258|1445|我走到她面前的时候，他愕然一惊，一幅我象从地里冒出来的一样，之后我问她一些关于K5的问题，也许是他还没有经验，不懂得象跟我这穿扮寒酸的人介绍简直是浪费时间，之后，她便一直跟在我后面，她就是小王
-1|20161102115345|258|1446|期间好几个别的销售都看着她嘴角阴阴的拉长，就像看着别人在那里想把煤炭洗白一样的表情
-1|20161102115345|258|1447|我也嘴角微微一翘，算是还击
-1|20161102115345|258|1448|走时我跟小王说：我还没最后定买什么车，如果买K5，我只找你
-1|20161102115345|258|1449|她笑了
-1|20161102115345|258|1450|???定车的时候，小王和我说11款现在只有三台，两台白的一台展车流金黑（要我看就是深灰色），有一台转向柱有问题，还没修理，建议我在展车和另一台白色之间选，我半开玩笑的说：你帮我选，她说展车，我说和我想的一样
-1|20161102115345|258|1451|就这么简单
-1|20161102115345|258|1452|??因为之前一直开手动档车，第一次打火发动时，说实话还着实有些紧张，手足无措，甚至一脚踩在停车制动板上，习惯了离合
-1|20161102115345|258|1453|加了200的油，显示四格
-1|20161102115345|258|1454|剩下的就是慢慢和它相处，彼此了解，相互善待
-1|20161102115345|258|1455|让它尽量多陪我几年，换车如离婚，不但伤财，也伤感情
-1|20161102115345|258|1456|以上共勉
-1|20161102115345|259|1457|如题，不知有没有哪位高人开过这两部车，开过的来说说
-1|20161102115345|260|1458|300.的7.89油开了245公里~没有开空调哦~亲~今天开加满开空调了~有点吃力哦亲~
-1|20161102115345|261|1459|刚提车两天，发现开车过程中自动空调显示的地方总是有个图案亮着，就是通风模式中对脚吹的那个图案
-1|20161102115345|261|1460|空调和风量应该都没开，这样一直亮着是正常的吗
-1|20161102115345|262|1461|和各位改灯和喇叭的车友一样，一直认为小三喇叭不响，摩托车一样
-1|20161102115345|262|1464|?喇叭就安装在原车位置了很快就装完了试了下声音，比原车好听?接下来就安装氙气灯直接整了个洞，呵呵点灯试了一下这个灯还没有入位呢，放在上面试的很快都装完了，准备收工退休的灯和喇叭2012手舒服加的倒车雷达和X10导航3.8元的前阅读灯一拖三，一个接导航一个接负离子????到此结束，谢谢欣赏
-1|20161102115345|263|1465|买辆车子也是件纠结的事，不知道大伙儿有没有这种感觉
-1|20161102115345|263|1466|为了方便全家子出游，春节时候我就有了买MPV的念头，可是念念念，一直念到三月中才真正行动起来
-1|20161102115345|263|1467|其实哥们我有钱买MPV，就是长时间拿不定主意，纠结于奥德赛和马自达8，最极刑是，我们夫妻俩都不懂汽车，分不清好坏
-1|20161102115345|263|1469|哎
-1|20161102115345|263|1470|~~结果我们夫妻俩特地跑了两家4S店，去“考察”奥德赛和马自达8
-1|20161102115345|263|1471|这中做法似乎有点可笑，不过自己目睹了真车我们心里踏实
-1|20161102115345|263|1472|经过一番仔细对比后，我初步敲定了奥德赛
-1|20161102115345|263|1473|以上是广本天河4S店内的场景:office:接下来我们来看奥德赛
-1|20161102115345|264|1474|有经验的朋友和实验过的朋友告知一下谢谢
-1|20161102115345|265|1475|???提车半年多了，其他地方都还比较满意，中控异响、排气异响、二次打火、玻璃升降等等目前还木遇到，希望一直不要遇到
-1|20161102115345|265|1478|?????斗争了半个月，终于下定决心，改，必须改···??????找了一位焊割技术一流的师傅，拆座椅，很简单用8#的套筒轻松搞定，前后各两个螺丝，这个就不上图了，座椅去掉头枕拿下来，地上找一大块厚纸板垫上就可以开工了，我这里主要负责技术支持，怎么割，割哪里，割多少，我都要确认，所以前期没有照片，来看看割下来的部分：?割下来的来块，大约有2公分厚，??用料还是比较厚道的，2mm的钢板冲压成型?用角磨机切的，好处就是角磨机小巧比较好控制，氧割的精度不好?刚刚割下来温度很高?切割下来以后把断面稍加打磨，确定好尺寸，这个就要很仔细了，前后左右都要测量精确，我这个师傅采用的是氩弧焊，氩弧焊的优势就是焊点平整，不像氧焊的焊点是堆积的，而且氩弧焊没有焊花四溅的现象，师傅焊接的时候我得帮忙确定位置、尺寸，所以这里也没有照片，来看看焊接完成的样子：??这里焊接完成，用的黑色自喷漆，用砂纸打磨以后就可以喷漆了??喷第一道漆?虚了??看看是不是矮了许多?图中红色部分要切割掉，以免影想装车时拧螺丝?喷二道漆?还要用报纸遮盖严实，给座椅皮上喷黑了就杯具了??自动喷漆···??豁口??????喷漆完成以后大概要一个小时就好了，自喷漆很容易干的，摸着不掉颜色就可以装车了，装车过程没有什么技术可言，对准孔位拧紧螺丝就好啦，这里不多表述，来看看装车后的效果：??矮了，有木有??红圈处没有那个支架了，外观看焊点还是比较平整的，大马路脚垫露出来了??右边前爪，还是没有支架···??细节??还是细节，拧螺丝要注意，不要太过蛮力，8#套筒，当然最好是专用套筒咯???好，改装到此结束，过程比较顺利，没有出现难题，主要还是前期功课做好了，按部就班，一步一步没出现差错
-1|20161102115345|265|1479|试车感觉良好，没有以前那种压迫感，腿部空间有所改善，手握方向盘姿势也趋于标准，以前为追求舒适，只好把座椅往后调，握方向盘就比较勉强了，最主要的是可以垫上垫子了
-1|20161102115345|265|1480|???总体来说，本次改装成功
-1|20161102115345|265|1481|?再来上几张内饰图片：?挂饰来自淘宝，质量还可以···坚挺的车标??中控，自己加了简单的线条???我的汽车之家贴和恩施腾翼车友会的会标欢迎加入恩施腾翼车友会6091092?????????????发帖还是比较辛苦的，斑竹给精一个呗???
-1|20161102115345|266|1482|有多少C30的坛友给自己的小三更换了无骨雨刷啊
-1|20161102115345|266|1483|价钱
-1|20161102115345|267|1484|站在车的前头，遥控开锁后，能很清楚的听到一小段持续的“吱
-1|20161102115345|267|1485|吱
-1|20161102115345|267|1486|”的电流声，不知道是什么原因
-1|20161102115345|267|1487|大家有这种情况吗
-1|20161102115345|267|1488|?
-1|20161102115345|268|1489|欧洲油价1.8欧元，大概等于14.5人民币的样子，国内油价是没国外高，可是我们挣得是5000人民币，人家挣得是5000欧元
-1|20161102115345|268|1490|能一样吗
-1|20161102115345|268|1491|任何对老百姓不利的都是打着与国际接轨，民生福利怎么就是不和国际接轨，国外上学、医疗、公共设施几乎都不要钱，而且不用送礼办事
-1|20161102115345|269|1492|贵州有没有C30团购团，我想4月入手小三
-1|20161102115345|270|1493|??下边这几张要感谢叶子在行驶中半个身子探出天窗外~~风险啊~~~?很多照片是在航母前照的哈~~?
-1|20161102115345|271|1494|请问智跑的兄弟几个问题?1智跑2.0AT和MT的油耗能差多少，哪个动力更足些?2?MT在跑100和120的转速各是多少呢
-1|20161102115345|271|1495|?3行李箱容积没有数据，请问是多少，跑长途七八个皮箱【模拟大概容积，拉的多】在不放倒后座的情况下够用吗，还能给后窗留出视线了吗?4?这车保值怎么样????
-1|20161102115345|272|1496|南宁的车价什么也不少
-1|20161102115345|272|1497|广西群207885840，欢迎各车主入群
-1|20161102115345|273|1498|长城腾翼C30不知道是买手舒的还是买手豪的，大家帮忙选择下
-1|20161102115345|274|1499|本人光光提车8个多月，，行驶10000KM多，上个星期才做掉10000KM保养，现在问题来了，，保养之后，我现在每次启动，中控上马上会显示一个4800KM，然后再数字后面有一个扳手
-1|20161102115345|274|1500|个人认为是不是提醒我去保养，但是我10000KM保养已经做了啊，，怎么消掉那个
-1|20161102115345|274|1501|下午如果出去，就上个图，?
-1|20161102115345|275|1502|tnn,油要涨到8元，还让人活不
-1|20161102115345|276|1503|今天去保定出差的，看到了长城的厂家好多的小三保定的出租车有部分也是小三的?不知道保定的小三什么价走的急没戴相机
-1|20161102115345|277|1504|今天加满油开了一会车里面很大的汽油味，拆开后座发现汽油泵处存了好多汽油，准备明天去维修站
-1|20161102115345|277|1505|前天检测的时候发现油箱上面有痕迹，拆开后座汽油泵上面一层油泥，师傅给紧了下汽油泵，让加满油观察下，今天终于观察到了，真危险啊，好在以前都是加200元的
-1|20161102115345|279|1508|去年7月18号新增了一辆智跑2.0，202000大米，八个月了行驶里程15900km，还没发生过象有些车主说的毛病
-1|20161102115345|279|1509|准备加入智跑论坛
-1|20161102115345|280|1510|下面是助力转向液的壶，是不是漏了啊
-1|20161102115345|280|1511|新换的支架胶大碗嘿嘿四年的新爱清洗进气歧管过后留下的脏水哇咔咔求助力转向液漏了的经济解决方案谢谢各位车友了
-1|20161102115345|281|1512|请各位大师帮忙分析分析，就suv来说什么样悬挂最好
-1|20161102115345|281|1513|比较一下gx7,GS5?,s6,h6.的底盘悬挂
-1|20161102115345|281|1514|也算为小弟排忧解难了
-1|20161102115345|282|1516|先庆祝一下下吧
-1|20161102115345|283|1517|后面的安装带没扣上有没有提示，谢谢，忘了
-1|20161102115345|284|1518|小弟是3月11日提的车出来加了200元93号汽油现在跑了164公里油灯就亮了请问各位前辈油灯亮了还能跑多少公里啊?
-1|20161102115345|285|1519|新人报到
-1|20161102115345|286|1520|今天参加团购会，E260优雅，43.5万，相当于优惠8万有今天参加武汉星隆的其他车友吗
-1|20161102115345|286|1521|讨论一下都送了一些什么，争取多找4S要一些小礼品
-1|20161102115345|287|1522|超级新鸟跪求高手指点～
-1|20161102115345|288|1523|已经行驶18000公里了
-1|20161102115345|288|1524|近期长途较多，跑了几次天津，总体感到十分满意
-1|20161102115345|288|1525|1、异响基本没有
-1|20161102115345|288|1526|2、载货量那是给力
-1|20161102115345|288|1527|3、车高视野好，开起来感到爽
-1|20161102115345|288|1528|4、高速油耗基本在9.5左右
-1|20161102115345|288|1529|问题：1、有几次启动无反应，踩两下刹车后好，今天换了一个刹车开关，解决了
-1|20161102115345|288|1530|2、有几次发现车速超过20公里不自动落锁，今天ssss测试都是好的，过段时间再看
-1|20161102115345|288|1532|4、塌屁股现象存在，后面有三指，ssss说不是问题，等集体维权结果
-1|20161102115345|289|1533|纠结的等待2月19号签的合同
-1|20161102115345|289|1534|到今天刚好一个月了，当时写合同销售说一定会到的
-1|20161102115345|289|1535|销售在写合同时说为了保险一点多写了10天，当时想想也无所谓
-1|20161102115345|289|1536|哈哈
-1|20161102115345|289|1537|哪知道等车是怎么漫长
-1|20161102115345|289|1538|现在不知道是4S忽悠还是
-1|20161102115345|289|1539|、我的智雅T5，你什么时候会到了呀
-1|20161102115345|289|1540|现在基本上3天就催
-1|20161102115345|289|1541|，没有办法呀，交了定金
-1|20161102115345|289|1542|不然
-1|20161102115345|289|1543|纠结
-1|20161102115345|290|1544|?据销售人员讲江苏宿迁有全球鹰GX7现车，其他很多地方还得预定
-1|20161102115345|291|1545|3月18日专门到汽贸园看GX7，1.8精英版9.98万元
-1|20161102115345|291|1546|简单谈谈感受：1、外观：见一台银色，一台灰色，外型比较耐看，不是很靓丽的那种，但看着蛮协调，那两台都是精英版的没有没有行李架，感觉SUV装上架子比较好看，车轮子看起来蛮大的，轮毂看起来也很有力量感
-1|20161102115345|291|1547|2、内部空间及内饰：打开车门来回开关了几次，挺厚重的，坐在驾驶位，座椅稍硬，方向盘手感不错，但中控部位内饰档次比较低，有点影响购车欲望，那两台都是精英版的没有中控大屏幕，个人感觉有大屏幕的会好看很多，4S说行政版的才有，车内空间跟IX35的差不多，后排可能比IX35好点，后备箱够大底部有暗格很实用
-1|20161102115345|291|1548|3、底盘：特地俯身瞄了车底，比较平整，感觉那排气管很难看，从车后部看不到排起管，好象是隐形的，排气孔不漏出来感觉怪怪的，好象没有似的，很影响外观美感，问了4S，说也觉得不好看，但就这么个设计，不知道能否加装个罩，漏出来
-1|20161102115345|291|1549|4、问了4S，AT版什么时候出
-1|20161102115345|291|1550|答：今年基本没希望，再次失落....就简单罗嗦这些了，也没拍照，论坛里都很多照片了，都一样，等AT出来再去试驾看
-1|20161102115345|292|1551|??湖北地区哪个地方C30优惠最大
-1|20161102115345|292|1552|最近想出手，荆门这边优惠1000元
-1|20161102115345|292|1553|???在论坛潜水已久，今天第一次发帖
-1|20161102115345|293|1554|为了方便车友交流用车心得，大家多多联系，组织各种活动，请入ix35车友会-贵州分会群号：181294018
-1|20161102115345|294|1555|最近看到国产x1上市，心中痒痒，今天去看了一把
-1|20161102115345|294|1556|由于没有预约，试驾车说是去加油了，没有看到，只是看到了进口28顶配
-1|20161102115345|294|1557|空间还是不错，问了下价格，反正不加价，有现车，看的合适可以直接提车，但是什么都不送
-1|20161102115345|294|1558|老婆喜欢320，但是南京320基本断货了，最低8折，也要28万多，还不如x1
-1|20161102115345|294|1559|纠结啊，还要说服老婆
-1|20161102115345|294|1560|PS：回来的时候顺便看了下Q5，号称顶配的不加价了，钙中钙的继续加2万
-1|20161102115345|295|1561|这两天就准备提车了啊
-1|20161102115345|296|1562|从提车到现在3个多月了，首保也做了，可是油耗一直都在12那里徘徊居高不下
-1|20161102115345|296|1563|一直在市内，没上过高速
-1|20161102115345|296|1564|看到论坛上有亲晒的图，6.8的都有，简直无语
-1|20161102115345|296|1565|百思不得其解阿，都是2.0的车，怎么差别那么大，难道真是人品问题，还是我的发动机有问题
-1|20161102115345|296|1566|求赐教
-1|20161102115345|297|1567|今天去订车了，颜色是贵族灰，以前没有的颜色，不知道有么有已经买了灰色的，不知道效果咋样，感觉在店里看样车的时候还行，就是不知道开出来的效果了
-1|20161102115345|298|1568|????俺装导航，有一段时间了
-1|20161102115345|298|1569|2011年6-1儿童节买的车，此前是一直想装导航，可摸摸瘪瘪的钱袋子，一直也没有装
-1|20161102115345|298|1570|????后来，俺终于有钱了
-1|20161102115345|298|1571|有天领导给俺发了两千块钱
-1|20161102115345|298|1572|高兴坏了
-1|20161102115345|298|1573|?????到汽车城去找导航
-1|20161102115345|298|1574|??????我们集团的一个兄弟公司，就是生产导航的，名气还挺大
-1|20161102115345|298|1575|可惜没有腾翼C30的专用导航
-1|20161102115345|298|1577|?????后来就去外边装，当时也比较了好几家
-1|20161102115345|298|1578|我们本地也有其它生产导航的几家企业
-1|20161102115345|298|1579|价格不一
-1|20161102115345|298|1580|?????当时想装个最贵的，可是在试的现场，发现有很多格式视频不支持，说是支持RMVB，MP4，AVI，可是我转的MP4到上边却一个也没放出来，于是弃之
-1|20161102115345|298|1581|??????再就是去找最便宜的
-1|20161102115345|298|1582|当时试了一下，哇KAO，虽然便宜，但却支持很多格式，RMVB,MP4,AVI等
-1|20161102115345|298|1583|当时就选定它了，反正想导航也差不到哪里去
-1|20161102115345|298|1584|???????当时订了货，周三装上了
-1|20161102115345|298|1585|可惜没有现场照相
-1|20161102115345|298|1586|我把样图发出来大家看
-1|20161102115345|299|1587|隆众确切核实，发改委20日凌晨上调汽柴油最高零售限价各600元/吨，约合柴油上调0.51元/升，汽油上调0.44元/升
-1|20161102115345|300|1588|有些车友特别喜欢“进口”轮胎，但适合欧洲路况的轮胎在国内往往难有上佳表现，特别是胎侧的耐冲击力方面特别“娇气”容易引发胎侧起泡等
-1|20161102115345|300|1589|事实上，许多国外品牌的轮胎在国内合资生产后，都根据国内道路状况在轮胎侧面增加了一层帘子布，从而增加了胎侧的抗冲击力
-1|20161102115345|301|1590|看了你们的帖子，今天专门去看了下小三，竟然一边高一边低
-1|20161102115345|301|1591|这算神马情况，减震弹簧不是一家生产的
-1|20161102115345|301|1592|?左边三指右边四指?
-1|20161102115345|302|1593|有回复通知我
-1|20161102115345|303|1594|国产价位差不多的车里边只有c30是铝缸体
-1|20161102115345|303|1595|马牌或者所谓西门子只造c30的ecu
-1|20161102115345|303|1596|还有别的车也有二次打火
-1|20161102115345|303|1597|——————————————————侳车只能是ecu判断车的行驶状态错误，然后给了不正确的喷油量导致，请车友多参考各种捷达论坛，比如新浪，搜狐什么的，或者百度搜索，捷达离合器开关损坏了以后，跟c30的情况是不是一样
-1|20161102115345|305|1599|车子买回来一年了以为这地方响但结果不是还在继续研究中........门把手内的贴纸自己贴的还不错
-1|20161102115345|306|1600|如题洗车后发现有雾气开了氙灯二十分钟后有水露出现请问属于正常范围吗
-1|20161102115345|306|1601|你们的X1也会出现吗
-1|20161102115345|307|1602|1?最近才发现有打不着火的现象不是俺连续打火间隔一分钟多2?驾驶室驾驶位置左侧车窗升降毛病有时候升到一半就升不上来了有时候没事~3?换档位有时候还是有点不顺留?或许是离合器过高行程长一时踩不到底的缘故吧????过几天首保时让调低离合器看看效果4?油门有时候不回位是因为油门过松的原因吗
-1|20161102115345|307|1603|5?都说小三提速慢可是他们都说我的小三比起他们的小三提速更慢些是何原因
-1|20161102115345|308|1604|请问各位tx每回开除雾空调制冷灯亮正不正常
-1|20161102115345|309|1605|如果人在车里烧起来，车烧不着，IX35就大受称赞了
-1|20161102115345|309|1606|现在只能说是车，这样子一般都烧着
-1|20161102115345|309|1607|不过咱车的阻燃性应该是一般
-1|20161102115345|310|1608|我今天说的溜车是我在坡上没有着车的情况下用空挡往后溜车，虽没酿成事故，但过程大家可以引以为戒
-1|20161102115345|310|1609|空挡溜车为什么危险
-1|20161102115345|310|1610|说的是一旦熄火，所有助力都没了
-1|20161102115345|310|1611|比如最关键的刹车助力，会没到什么程度
-1|20161102115345|310|1612|会没到这样的程度：踩刹车跟踩砖头一样，根本踩不动，刹车完全失灵
-1|20161102115345|310|1613|?下面我把我今天的经历写出来，虽然不是在路上跑着的时候，但也有很强的借鉴意义
-1|20161102115345|310|1614|今天在一个上坡的地方等人，手刹拉上，熄火，挂一档
-1|20161102115345|310|1615|刚好是树荫，挺凉快，我就玩手机，半个小时过去，太阳慢慢挪得照到驾驶室了，但我车后都是树荫，我后面停的车大概离我还有两个车身的距离，我就往后溜车
-1|20161102115345|310|1616|因为是个斜坡，所以我想不用打火，用空挡留下来就好了
-1|20161102115345|310|1617|OK，下面重点来了
-1|20161102115345|310|1618|??我踩刹车离合（此时刹车时踩的动的），摘空挡，松离合，放手刹，轻抬刹车，车子往后溜
-1|20161102115345|310|1619|踩住刹车（此时刹车仍踩的动），往后一看，还有那么远，送刹车继续溜，看后视镜差不多了，踩刹车停车，情况来了，刹车踩不动
-1|20161102115345|310|1620|真的跟踩砖头似的，一点都踩不动，车子却继续往后溜，我当时脑子都来不及想什么，可没想到是助力没了之类的，只是条件反射似的一下把手刹拉死，车停住了，幸好车速不快
-1|20161102115345|310|1621|又踩了几下刹车试了试，还是砖头，踩不动
-1|20161102115345|310|1622|这时才缓过神来明白是没打火，没助力
-1|20161102115345|310|1623|?这才打着火，把车往前开了开
-1|20161102115345|310|1624|当时车子离后面停的车大概就半米了
-1|20161102115345|310|1625|??如果是在路上车子飞跑，刹车失灵，不出事也得吓身冷汗
-1|20161102115345|310|1626|所以空挡溜车须谨慎啊
-1|20161102115345|311|1627|小学没毕业，那个字不认识
-1|20161102115345|312|1628|我的蜗牛喇叭上的12伏继电器坏了，我换了个24伏的继电器,可以用
-1|20161102115345|312|1629|但不知道对车和电路有没有影响,请懂的指点
-1|20161102115345|313|1630|??本人买车的时候就换了一体导航，现转让原车CD.只需要200RMB就可以拿回家
-1|20161102115345|313|1631|12款的原车CD.好东西，绝对的好东西，有需要的朋友可以联系我，联系QQ373624311，加时请注明原车CD.本人在佛山地区，可以快递也可上门取货，上门取货，吃饭算我的
-1|20161102115345|313|1632|??下面附属图片，因是夜晚照的，不大清晰，请见谅
-1|20161102115345|313|1633|?????
-1|20161102115345|314|1634|如题，哪个兄弟将小三的原车铝轮毂实际称过，重量是多少
-1|20161102115345|314|1635|告诉一下，先谢谢啦
-1|20161102115345|315|1636|很老了看着玩儿吧不管你是谁，答应我只要测对一个两个你就要讲信用回帖喔
-1|20161102115345|315|1637|请第一次看到这个测试的朋友，首先静下心来，认真的、快速的用自己的心算来做下面这个测试，看清楚要求，真实的说出当时的第一个脑子里面的答案，才能看出这个测试的最有效的结果
-1|20161102115345|315|1638|谢谢
-1|20161102115345|315|1639|很诡异喔
-1|20161102115345|315|1640|但要以最快速度的时间心算所看到的数学程序，然后回答问题，开始
-1|20161102115345|315|1641|往下走，并答题吧
-1|20161102115345|315|1642|每道题给你5秒时间
-1|20161102115345|315|1643|********2+2=?********4+4=?********8+8=?********16+16=?********快，随便在12跟5的中间挑一个数字
-1|20161102115345|315|1644|********挑了吗
-1|20161102115345|315|1645|现在继续往下、********你挑的数字是“7”对吧
-1|20161102115345|315|1646|继续做下一个实验，跟着下列叙述并且快速回答问题，算算看
-1|20161102115345|315|1647|********1+5=?********2+4=?********3+3=?********4+2=?********5+1=?********现在持续默念“6”这个数字15秒，然后卷动画面
-1|20161102115345|315|1648|********快，说出一种水果的名字
-1|20161102115345|315|1649|然后继续往下卷动
-1|20161102115345|315|1650|********8+329=?********27+7=?********快卷动…********说出一个面部器官
-1|20161102115345|315|1651|********说出一种家禽的名字
-1|20161102115345|315|1652|**********哈哈，是苹果和鼻子和鸡，对不对
-1|20161102115345|315|1653|只要测对一个两个你就要讲信用回帖并顶哦喔
-1|20161102115345|316|1654|转帖，纯属娱乐不代表本人立场
-1|20161102115345|316|1655|论坛串门以后的初略感受
-1|20161102115345|316|1656|（转贴，有修改）俺在各论坛串门以后的初略感受
-1|20161102115345|316|1657|没事逛了逛朗逸、宝来、POLO、科鲁兹、速腾、明锐、307、英朗等论坛有感：朗逸：买车咨询帖一般是和谐的和宝来对比下，表示有钱上明锐速腾
-1|20161102115345|316|1658|????不屑于讨论血统问题，以EA1111.616V引以为傲
-1|20161102115345|316|1659|????喷日系
-1|20161102115345|316|1660|宝来：买车咨询帖一般是和谐的和朗逸对比下，偶尔流露下血统上的优越感，表示有钱上明锐速腾
-1|20161102115345|316|1661|????新新新宝来车主以EA1111.616V引以为傲
-1|20161102115345|316|1662|?????喷日系
-1|20161102115345|316|1663|POLO：买车咨询帖一般是和谐的和晶锐对比下，偶尔流露下品牌上的优越感，表示有钱上明锐速腾
-1|20161102115345|316|1664|????深切怀念老POLO、痛斥新POLO，????喷日系
-1|20161102115345|316|1665|速腾：买车咨询帖表示速腾是好车，但很怕等车，也喜欢明锐回锅肉一般的感觉，但看不起明锐的牌子
-1|20161102115345|316|1666|????谈改装与汽车养护，很技术
-1|20161102115345|316|1667|????和高六本是一家，技术兼容
-1|20161102115345|316|1668|????信息交换速度很快，基本与欧洲同步
-1|20161102115345|316|1669|????喷17的简配，????喷日系
-1|20161102115345|316|1670|明锐：买车咨询帖表示有钱速腾怕等，但明锐明显性价比更高
-1|20161102115345|316|1671|????集体研究共振和漏水，????为扮猪吃老虎，狂刷ECU
-1|20161102115345|316|1672|307：??买车咨询帖和谐的和英朗速腾对比下，喜欢给VW车主盖神车党的大帽子
-1|20161102115345|316|1673|????自己敢于承认307的种种不足，但抗拒别的车主来参与讨论
-1|20161102115345|316|1674|????以板儿车悬挂为耻，坛内不可提及
-1|20161102115345|316|1675|????否则恐遭围攻
-1|20161102115345|316|1676|英朗：买车咨询帖和谐的和速腾、福克斯对比下，????只要谈及神奇的瓦特连杆，必然被围观
-1|20161102115345|316|1677|????只要开始质疑瓦特连杆的神奇之处则必然被锁贴
-1|20161102115345|316|1678|翼神：买车咨询帖表示翼神属于苦等G6而不来的最佳代替品，山寨EVO的必备之神器
-1|20161102115345|316|1679|????刹车后半段之软，史上罕有、绝无敌手
-1|20161102115345|316|1680|????加速之犀利，如果上的是SST的话
-1|20161102115345|316|1681|????买之必改装，改装必烧钱
-1|20161102115345|316|1682|高六：买车咨询帖表示对DSG又爱又恨，巨纠结
-1|20161102115345|316|1683|????探讨DSG问题的帖子数量较多，????DCT还是MT，这是个问题
-1|20161102115345|316|1684|科鲁兹：买车咨询帖表示科鲁兹完爆宝来世嘉朗逸福克斯马3，??????无论是外观内饰还是动力操控，??????一部分说1.6AT慢得吓死人，一部分人说1.8AT快得吓死人
-1|20161102115345|316|1685|??????1.6t科鲁兹完爆速腾高尔夫明锐，即便是跑不过也不丢人，自重太沉
-1|20161102115345|316|1686|??????外观内饰是前无古人后无来者一般的漂亮惊艳
-1|20161102115345|316|1687|??????操控一流，敢和全独立悬挂叫板，成本却还低，相当实惠
-1|20161102115345|316|1688|???????狂喷日系，同时唯恐和韩国搭上一丁点儿关系
-1|20161102115345|316|1689|??????专业喷翼神
-1|20161102115345|316|1690|??????言及改装的不少，视觉系居多
-1|20161102115345|317|1691|今天早上六多一点出门上班，天上开始下雨，坐上小3发动车子，感叹了下，有车真好啊，下雨天不用穿雨衣骑电驴风吹雨淋了，到单位路很近就三四公里，开了一半路，到路边买早饭，卖早点在非机动车道右边，非机动车道左边是公交站台，附近有等公交的有拉客的黑电驴，我靠右停在了早餐边买了三个肉包，4.5元，上车准备开车走，我车前面右边停了辆电动车那人站在电动车边上弄手机，我估计目测从他左边应该能过去，按了喇叭提醒对那人注意避让，方向往左同时还要注意左侧是否有电动车冲过来，是否会碰到公交站台正在想尽量靠左边往前慢速开时，轮子好像震了下，右边发出碰撞响声，然后那玩手机的黑电驴司机直敲车玻璃喊，“你压我脚了”我一听完了，出大事了，把人脚压坏了，糟了别把人压残疾了，那可得赔好多好多钱啊，在车上呆了几十秒，无奈的下车查看，我车已经很靠近左侧公交站台，左轮胎似乎碰到了公交站台的路牙子也没细看，那人还站着，提着一只脚，我心里很忐忑，我问他脚严重不严重要不要报警去医院，他说我车直接从他脚上压过去了，我看他脚上皮鞋上好像没压过的痕迹，可是我感觉轮子的确震了一下难道是左轮碰到站台的感觉，当时也没看清右侧是神马情况，就问他要不要去医院，他说你看吧，晕，看他还能站也没痛苦的表情好像不是很严重，咋办呢，心里在想要不要报警，或者还是私了，正好要上班，报警的话现在找人换班同事还在被窝呢很麻烦，于是问私了行不，他说你给多少，我问你看多少，他也不说，就说去医院拍片药费啥的，……唉，离上班时间越来越近磨了几分钟，也不确定他是碰瓷还是啥，给了他三百，对方结果同意了，唉……松了一口气，
-1|20161102115345|319|1694|RT?善用“歌曲搜索”，不仅仅可以实现单曲哦
-1|20161102115345|319|1695|================================================================================================================================================================================================================================================================================================================================================================================================================?===================完结===============================
-1|20161102115345|320|1696|???大家好：???我提车10天了，发现如果锁车门的话，那么所有的门都锁上了，反之如果开门那么所有的门就全开了，这样感觉很不安全，请问怎么调整一下让后备箱不用的时候不能打开，还有驾驶门开的时候，其他三个门不开----因为大多情况下只是一个人开车
-1|20161102115345|320|1697|钥匙是4S店提前调好的)?尤其是在陌生的地方，你想啊，人还未上车呢，所有的车门都能打开多危险啊，想想就后怕
-1|20161102115345|320|1698|所以紧急求助啊
-1|20161102115345|321|1699|"（这是我从别地转载过来的）??????安全驾车，文明驾车，是交通规则的基本原则，也是一个文明公民的标志
-1|20161102115345|321|1700|??其实驾车如同做人做事，做人做事都是要有原则的，没有原则的人，做不好人，办不好事
-1|20161102115345|321|1701|??驾车同理，驾车，有驾车的原则，没有原则的驾车，不守规则的乱开车，是开不好车的
-1|20161102115345|321|1702|?驾车若不谨记以下基本原则，那么“在车祸中倒霉的就不仅仅是‘车’了
-1|20161102115345|321|1703|”请新老驾驶员车友们读读并记住这些难得的驾车技巧操作的原则篇吧
-1|20161102115345|321|1704|相信你我一定都会受益匪浅
-1|20161102115345|321|1705|???????????????????★?开车第一原则——安全驾车，文明驾车?????????????★?驾驶的三条黄金原则，给新车友的提示???????1、集中注意力?2、仔细观察?3、提前预防???????????★?驾驶机动车必须遵守的原则
-1|20161102115345|321|1706|——靠右侧通行.根据《道路交通管理条例》中的规定，应靠道路的右侧行驶，靠道路的右侧选择自己的行驶路线
-1|20161102115345|321|1707|同时，严格遵守“各行其道”的原则，在划分机动车道和非机动车道的道路上，在机动车道行驶；在没有划分中心线和机动车道的道路上，在中间行驶；在划分小型机动车道和大型机动车道的道路上，按规定的车道行驶
-1|20161102115345|321|1708|?????????????★?行车途中紧急躲避障碍原则——先慢后快车辆行驶时，忽然遇到危险却来不急制动时，惟一的办法只有闪避了，而闪避也是有技巧的
-1|20161102115345|321|1709|具体的方法就是当发现情况时，转动方向盘要由慢到快
-1|20161102115345|321|1710|路面越滑，就越要平稳地转动方向盘
-1|20161102115345|321|1711|完成闪避动作后，应迅速将方向盘回正，这样汽车很快就会从左右摇摆的状态中恢复平稳
-1|20161102115345|321|1712|驾驶者在整个过程中也不要紧盯着障碍物，而是应将视线对着正确的行驶方向
-1|20161102115345|321|1713|??????????????★?汽车驾驶基本原则汽车在行驶过程中，经常是各操纵机件的协同操作
-1|20161102115345|321|1714|在驾驶过程中，应严格遵循一定的操作原则，否则将会造成严重的后果
-1|20161102115345|321|1715|各操纵机件协同操作时，应遵循的原则是这样：??一、离油对动原则:??踏下离合器踏板时，必须放松油门踏板；松抬离合器踏板至半联动时，应酌情缓踩油门板
-1|20161102115345|321|1716|?二、离变联动原离则:?在未完全踏下离合器板时，不得摘挂变速杆
-1|20161102115345|321|1717|?三、制离分动原则:?踏下制动板时，在汽车未完全降低到10km/h以前，不应该踏下离合器踏板，但车速降到10km/h以下时，应迅速踏下离合器板
-1|20161102115345|321|1718|?四、油制逆动原则:制动踏板和油门踏板不得同时踩踏
-1|20161102115345|321|1719|????????????????????★??汽车驾驶安全原则?1不超速行驶;2不违规超车;3不违规停车;4不争先抢道;5遇救护车等特种任务车辆，应立即避让；6开车不喝酒、酒后不开车；7身心疲累时，不勉强上路；8慢速车驾驶，不佔用内侧车道；9不任意变换车道；10车不给没有驾照的人
-1|20161102115345|321|1720|?????????????????????★???安全行车基本原则??1.?不论坐在前座还是后座，乘客都要系好安全带
-1|20161102115345|321|1721|在车祸事故中，因没有系安全带而造成死亡的比例要比系安全带的死亡比例高出一倍
-1|20161102115345|321|1722|?2.?驾驶车辆要保持专心
-1|20161102115345|321|1723|不要被身旁的乘客会被美丽的风景分散注意力
-1|20161102115345|321|1724|?3.?在弯道或上下坡路段要小心谨慎，来车往往是在视线看不见的另一边
-1|20161102115345|321|1725|4.?保持安全跟车距离尤其不要紧跟在大型车辆之后
-1|20161102115345|321|1726|距前车越近，越看不到前方的路况，真有突发状况发生时难以闪躲
-1|20161102115345|321|1727|5.?不要只把视线盯着前车的尾巴
-1|20161102115345|321|1728|要随时观察更前面的道路状况，遇到危险时才能有时间与空间采取更好的闪避措施
-1|20161102115345|321|1729|6.?定期检查轮胎老旧磨损的情况
-1|20161102115345|321|1730|在湿滑路面，磨损轮胎的抓地力会大打折扣
-1|20161102115345|321|1731|7.?经常查看后视镜
-1|20161102115345|321|1732|在改变行进路线或超车时，这是一定要做的动作
-1|20161102115345|321|1733|8.?别占用非机动车道
-1|20161102115345|321|1734|即使保持在安全速限范围内，在拥挤的非机动车道也容易发生意想不到的状况
-1|20161102115345|321|1735|???????????????????★??安全驾驶防追尾原则?一不跟大型货车
-1|20161102115345|321|1736|因为大型货车又宽又大，遮挡行车视线，既容易使后面的车随着它闯红灯，又得防止货物掉落而伤及自己和车辆
-1|20161102115345|321|1737|?二?不跟公交车
-1|20161102115345|321|1738|因为大型公交车和大型货车一样，容易遮挡行车视线，而且一些公交车司机进出站时强进强出，还不开转向灯，如果跟得过近或在其两侧，就容易发生事故，而吃亏的总是小型车
-1|20161102115345|321|1739|?三?不跟出租车
-1|20161102115345|321|1740|尤其是空驶的出租车，它经常要在路上找活儿，一旦发现有人打车，司机就会急刹车，而载着客的出租车也会因乘客就近下车，使司机随意停车，经常连转向灯也不打，就猛地停在路边
-1|20161102115345|321|1741|如果跟车过近，就没有了刹车距离，很容易追尾
-1|20161102115345|321|1742|四?不跟高档车
-1|20161102115345|321|1743|如果自己开的是一辆比较普通的车，最好不要跟在高档车的后面，因高档车的车速一般比较快，一旦出现了急刹车，它能及时刹住，而你的刹车距离长，发生追尾的可能性很大
-1|20161102115345|321|1744|五?不跟外地车
-1|20161102115345|321|1745|外地司机一般对新去的城市道路不熟，行车速度慢且犹豫，有时为了寻找目的地，会临时停车问路，还有一些跑长途的司机疲劳驾驶，车开得忽快忽慢，忽左忽右，跟在后面很危险，稍有疏忽也会发生追尾
-1|20161102115345|321|1746|????????????????????★??狭窄路段会车原则：?礼让三先：先慢、先让、先停
-1|20161102115345|321|1747|行车时遇到对向来车占道行驶，应主动给对方让行
-1|20161102115345|321|1748|会车中遇到对方来车行进有困难需借道时，应尽量礼让对方先行?????????????????????★??路口复杂行车原则，?“宁停三分，不抢一秒”
-1|20161102115345|321|1749|发现前方道路拥堵时，应减速停车，依次排队等候，等疏通后，方可继续行驶
-1|20161102115345|321|1750|车辆在拥挤路段低速行驶时，遇其他车辆强行“加塞”，应主动礼让，确保行车安全
-1|20161102115345|321|1751|?????????????????????★?冰雪道路驾驶安全原则?(1)起步时要少加油，缓抬离合器踏板，以减少驱动轮滑转，适应较小的摩擦力
-1|20161102115345|321|1752|如起步困难，可在驱动轮下铺垫沙土、炉渣等物，或在驱动轮下及其前方的冰面上，刨挖出横向沟槽以提高摩擦力
-1|20161102115345|321|1753|(2)行进中要保持匀速行驶，避免加速过猛，以防驱动轮因突然增加转速而打滑；停车时要先利用发动机制动，再缓缓踏下制动器，避免使用紧急制动；转弯时速度要慢，转弯半径要增大，不可猛转猛回以防侧滑；禁止在冰雪道路上空档滑行
-1|20161102115345|321|1754|(3)会车应选择宽平道路，要加大横向间距；尽量不要超车，必须超车时一定要选好路段，待到前车让车后才可超车；结队行驶时，要加大车与车的安全间距
-1|20161102115345|321|1755|(4)通过冰雪坡道，应根据坡度的大小选择适当的档位，避免中途换挡
-1|20161102115345|321|1756|因路滑不能上坡时，应铲除冰雪或铺垫沙土、炉渣等物后再上坡
-1|20161102115345|321|1757|下坡应选用低速档利用发动机控制（5）尽量要走他人的路；????????????????????★??雾天开车安全原则时刻注意车速与可视距离的关系
-1|20161102115345|321|1758|拉长与前车的跟车距离
-1|20161102115345|321|1759|视线不清的天气千万不要在路中央开车，也不要压线
-1|20161102115345|321|1761|雾中开车请打开位置灯，如果有前雾灯也打开
-1|20161102115345|321|1762|????????????????????★??倒车安全原则?1弯道、狭路、陡坡、桥梁、圆环、隧道、铁路平交道、单行道、快车道等危险地带或交通频繁处所，不倒车
-1|20161102115345|321|1763|?2倒车时，要缓慢，?3倒车时，须派人在车后指引，如无人在车后指引时，应下车测明车后有无足够之位置
-1|20161102115345|321|1764|?????????????????????★?驾车选路原则?选宽不选窄：选平不选偏；选中不选侧；选硬不选软；选水不选泥；选旧不选新：选直不选弯
-1|20161102115345|321|1765|????????????????????★?儿童乘车必须坚持的原则原则一：正确使用安全带如果乘车儿童能够占满一个座位，就可以使用安全带，但安全带不能太靠近下巴
-1|20161102115345|321|1766|需要注意的是，过于幼小的儿童不能使用安全带，因为安全带在事故中对幼童腹部的伤害并不亚于撞车对儿童的伤害
-1|20161102115345|321|1767|原则二：使用儿童安全座椅通常情况下，儿童安全座椅适用于0至6岁半左右的儿童，儿童安全座椅的使用可使儿童的乘车安全提高7倍
-1|20161102115345|321|1768|儿童安全座椅首先要用安全带固定，最好汽车本身也能够固定儿童安全座椅
-1|20161102115345|321|1769|原则三：儿童乘车时一定要坐后排，不要坐副驾驶，因在不系安全带的情况下，汽车在紧急制动或发生意外碰撞的时候，，就会把孩子挤到仪表盘上，或者挡风玻璃上，就会对孩子造成非常大的伤害
-1|20161102115345|321|1770|?????????????????????★??行车中防止侧滑原则１、湿滑路面行车，关键是控制车速
-1|20161102115345|321|1771|２、加大车距,留足减速制动距离，有情况尽早处理
-1|20161102115345|321|1772|３、用油门控制车速的收油动作要轻缓，以免突然出现引擎制动效应，引发侧滑
-1|20161102115345|321|1773|４、严格遵循以减挡降速为主，使用制动器为辅的原则
-1|20161102115345|321|1774|５、遇有凸凹不平的湿滑路段，更要注意提前降速，以免驱动轮剧烈颠簸，出现严重失衡的情况，引发侧滑
-1|20161102115345|321|1775|一旦发生了侧滑，切记遵守以下原则１、不要猛踩制动，以免车轮抱死后仅起支撑作用，而完全丧失克服侧滑的作用，尤其是前轮抱死后，虽然保持着改变角度的功能，但无法保持引导车体转向的功能，处在完全失控的状态
-1|20161102115345|321|1776|２、不要向侧滑相反的方向转动方向盘，正确的方法是车尾向哪一侧滑动，即向哪一侧适当调整方向盘
-1|20161102115345|321|1777|转向时动作要敏捷轻盈
-1|20161102115345|321|1778|???????????????????????★?行车并线原则1并线提早打灯告诉后方车辆你需要并线了2并线时忌走弧线.并线时一般倾向于走直线，而不要走弧线，以免在两个不同车道间耽搁过长时间
-1|20161102115345|321|1779|3并线时从辅路汇入主路的车辆要让原先主路车辆先行通过，进入环岛的车辆要让岛内车辆先行
-1|20161102115345|321|1780|4，连续并线属违章行为在车流量大的道路上，应提早准备从快行线驶入慢行线，
-1|20161102115345|321|1781|5、提速并线.正常路况下，刹车后慢慢并线，易招致事故，至少会立即引起堵车
-1|20161102115345|321|1782|应在打转向灯后，看准安全的空档，稍微提速并同时打轮并线，以免后车处理不及
-1|20161102115345|321|1783|??????????????????????★??磨合期驾驶必须遵循的原则１、避免急加速；２、不要让发动机怠速运转太久；３、减载：汽车在磨合期内装载量不应超过额定载荷的７５％
-1|20161102115345|321|1784|因为超载会加重磨损，对车辆造成损害
-1|20161102115345|321|1785|４．驾驶但注意不要跑长途：5，速度要限制，不要超过100码????????????????????????????????★??处理紧急事态时遵循的原则?1、冷静沉着：在遇紧急事态时，驾驶员必须要保持头脑冷静，不惊慌，这是采取正确避险措施的先决条件
-1|20161102115345|321|1786|这需要驾驶员有良好的心理素质
-1|20161102115345|321|1787|驾驶员只有冷静沉着，才能及时做出准确的判断，使操作及时准确，从而达到避险的目的，千万不可惊慌失措
-1|20161102115345|321|1788|2、先人后物：世间万物，人是最宝贵的
-1|20161102115345|321|1789|汽车遇紧急事态时，驾驶员应首先考虑人的安全，这是避险时最基本的处置原则
-1|20161102115345|321|1790|因为物资可以补偿，而人的生命是无法补偿的
-1|20161102115345|321|1791|3、避重就轻：避重就轻也是驾驶员在遇紧急事态时的基本处置原则
-1|20161102115345|321|1792|所谓避重就轻就是向损失较轻或危害较小的一方避让，尽量避开损失较重或危害较大的一方
-1|20161102115345|321|1793|4、先方向后制动：驾驶员在行车中遇到紧急事态时，应按照先考虑避险方向后再实施制动原则
-1|20161102115345|321|1794|因为，在事故前改变车行方向，可以使车辆避开将要发生事故的位置，甚至能化险为夷，转危为安
-1|20161102115345|321|1795|若制动先于方向，就会错过避让时机
-1|20161102115345|321|1796|5、先人后己：在遇紧急事态危及他人的生命时，驾驶员应本着宁可牺牲自己也要保护他人的安全作为原则，这是驾驶员应有的职业道德
-1|20161102115345|321|1797|特别是在遇有危及人群生命安全的事态时，应尽量减少对他人或生命财产的威胁
-1|20161102115345|321|1798|??????????????????????★??驾车路遇“行人”的安全处置原则?1，路遇顾物忘却安全的行人：行人表现：有些行人将东西掉在道路上，为尽快捡回失物，不顾汽车临近和自身安全，冒险上前捡拾；有些赶着牲畜在路边行走的人，当汽车驶近，牲畜骚动起来，为了保护牲畜而冲到路中驱赶，忘却自己的安危
-1|20161102115345|321|1799|处置原则：对于这些行人，驾驶员必须既要看人，又要看物，要将物和人有机地联系起来，一旦发现有物落在车行道上，就应做好有人来捡物的准备，主动降低车速，避让物品，并做好随时停车的准备，以保安全
-1|20161102115345|321|1800|?2，??路遇躲避灰尘和泥水的行人：行人表现：一般来说，每个行人都想躲避灰尘和泥水，有些冒失的行人，为了躲避汽车行驶扬起的尘上或溅起的泥水，往往不顾安全，在汽车驶近时，突然跑向路的另一边
-1|20161102115345|321|1801|处置原则：对这样的行人，重点应放在预防上，要注意观察风向和行人动态
-1|20161102115345|321|1802|尽量减速，以减少尘上飞扬；避开木洼，减少污水的飞溅，并做好避让行人的准备，鸣号（在非禁鸣地区）提示行人注意
-1|20161102115345|321|1803|3，路遇沉思的行人：行人表现：陷入沉思的行人，注意力高度集中在所思考的问题上，除两腿本能地机械移动外，对外界一切都置若罔闻
-1|20161102115345|321|1804|汽车的行驶声、喇叭声都不能引起他的注意
-1|20161102115345|321|1805|处置原则：遇到这类行人时，要减速鸣喇叭（在非禁鸣地区），缓行绕过，并尽可能地保持较大的安全距离，以防行人在沉思中突然惊醒，盲目乱跑
-1|20161102115345|321|1806|4?，路遇结伴而行的行人：行人表现：几个人结伴而行，其中一人向路的一边跑，其他人也可能跟着跑
-1|20161102115345|321|1807|对这些行人要注意领头的人和那些表现比较犹豫的人，尤其在同行人大都已穿越道路，还剩少数人在另一边时，要特别注意这少数人的行动
-1|20161102115345|321|1808|结伴而行的人，常常边走边谈，一些青年人爱打闹玩笑、指手划脚
-1|20161102115345|321|1809|处置原则：对此类行人必须格外注意，防止因他们打闹玩笑而突然跑到道路上来；对列队而行的团体，只需稍鸣喇叭提示，按正常速度通过即可
-1|20161102115345|321|1810|当列队横穿道路时，应停车等候队伍过完，不可鸣喇叭催促，更不可抢行冲断队伍
-1|20161102115345|321|1811|5，路遇精神失常的行人；行人表现：有些精神失常的人，往往在公路或街道上毫无规则地流荡，有时手舞足蹈地拦截车辆，甚至横卧于道路上
-1|20161102115345|321|1812|处置原则：遇到这种病人时，应本着人道主义精神，设法低速缓绕而行，不应对其恫吓或用武力驱赶
-1|20161102115345|321|1813|精神失常的人与汽车缠闹时，驾驶员应关闭驾驶室，不要与其纠缠，让车处于随时起步的状态，待病人离开后即起步行驶
-1|20161102115345|321|1814|????????????????????★?保持合理车距“两秒钟的”原则??保持适当的车距是安全行车的基本要求
-1|20161102115345|321|1815|那么前后车距多少才算合适呢
-1|20161102115345|321|1816|简单的说，您在跟车当中，可以选择路面或路边的某一固定参照物，如果前车和您的车通过该参照物的时间间隔在两秒以上，那么说明车距合适，这就是所谓的“两秒钟”原则
-1|20161102115345|321|1817|“两秒钟”原则并非仅仅是驾车者的经验所得，它是有一定的事实依据的
-1|20161102115345|321|1818|根据科学研究，一般驾车者的制动反应时间在0．39～0．63秒之间，采取制动的时间在1～1．35秒之间，两者之和为1．39～1．98秒，小于两秒
-1|20161102115345|321|1819|而通常前后车的车速基本相同，所以在制动时间相同的情况下制动距离也基本相同
-1|20161102115345|321|1820|两秒钟的间隔，就可以保证前后车辆的有效制动
-1|20161102115345|321|1821|在日常行车中，您可以用“两秒钟”原则调整前后车距
-1|20161102115345|321|1822|如果发现时间差少于两秒，那就表示您已进入危险距离，这时您必须减速，适当加大跟车距离；如果大于两秒，说明车速、车距适中，为安全跟车距离
-1|20161102115345|321|1823|???????????????????????★?三把打方向原则三把方向法（用于变线、路边停车、移库，倒车等）：第一把：向欲到达的新车道打方向
-1|20161102115345|321|1824|第二把：车身中部接近新车道中心线时回方向
-1|20161102115345|321|1825|第三把：车头即将正对新车道中心线时将车轮回正
-1|20161102115345|321|1826|??????????????????????★?转弯时打方向原则??缓弯要早打慢打、早回慢回；急弯要晚打快打、早回快回
-1|20161102115345|321|1827|慢打则慢回；快打则快回
-1|20161102115345|321|1828|要有预见能力，在未转向前，双手就开始做好准备动作
-1|20161102115345|321|1829|还要考虑到提前量
-1|20161102115345|321|1830|?????????????????????★?新手驾驶上路原则1、遇事不要慌张、牢记操作要领，做到遇事沉着冷静，操作自如，确保行车安全，2、控制高速行车，时时记住“十次事故九次快”的教训
-1|20161102115345|321|1831|3、遇到紧急情况，果断迅速处理，紧急情况处理的原则为：先踩制动踏板后打方向，转向盘不能只打不回，以免造成新的危险
-1|20161102115345|321|1832|4、预防为主，注意研究各类行人的心理状态和行动特点，养成善于观察、不开英雄车、赌气车的良好习惯
-1|20161102115345|321|1833|行驶中以鸣笛为警告，以制动求保险，保持安全车距，遇见行人应离而行
-1|20161102115345|321|1834|?????????????????????????????????★??晨夜间行车的基本原则：一、灯光不全不上路灯光是夜间行车安全的生命保障决不能有半点马虎
-1|20161102115345|321|1835|尤其是前照灯、后尾灯、转向灯和制动灯出故障时，上路行车是非常危险的，因此夜间上路行驶之前务必要对灯光进行全面检查，确认良好方可上路
-1|20161102115345|321|1836|二、疲劳驾驶是驾车的一项大忌无精打采不许驾车夜间开车最常遇到的问题就是一个""困""字，疲劳驾驶是驾车的一项大忌，技术再好也会因一时困怠而铸成大错
-1|20161102115345|321|1837|因此决不许强打精神，勉强上路
-1|20161102115345|321|1838|三、控制车速是根本没有事帮夜间由于路上行人、车辆相应减少，驾驶急于赶路，所以车速都比较快
-1|20161102115345|321|1839|在弯道、坡道、窄路、雨、雾天都会严重影响视力，遇有紧急情况极易发生危险，一定要降低车速
-1|20161102115345|321|1840|???????????????????★?夜间行车须注意的原则：?第一密切注意路面变化：夜晚驾车能见度较差，尤其要学会利用路面明暗和不同的反光来判断路形路况，凡在前照灯能够涉及的范围内的任何光照形状的变化都应及时注意
-1|20161102115345|321|1841|如：光柱变窄可能是山口，光柱变短可能是弯道或上坡，光柱变长可能是弯道可下坡，光柱下缘出现缺口可能是坎坷或坑洼
-1|20161102115345|321|1842|此外还应学会利用颜色判断路形路况，凡是发现前方路面颜色变化就要注意
-1|20161102115345|321|1843|如：成片的亮处可能是积冰或积水，暗处可能是坑
-1|20161102115345|321|1844|第二注意经常变换远近灯光：经常变换远近灯光对夜间安全驾驶主要有三方面的好处：首先，变换远近光有利于观察环境和路况，更容易及时发现隐患；其次，经常变换远近光有利于视神经减轻疲劳，提高加强驾驶者的兴奋度；再次，经常变换远近灯有利于及早引起其它车辆，特别是弯道另一侧来车的注意
-1|20161102115345|321|1845|第三礼貌会车注意右侧距离：会车时关闭远灯既是礼貌又是安全行车的必要手段之一
-1|20161102115345|321|1846|关闭远光或关闭大灯利用对面来车的灯光对路面和物体勾勒的剪影效果来观察路况，偏偏比开远光灯的效果更好，但一定要充分估计右侧的距离，不可只顾躲对面的车而忽略右侧
-1|20161102115345|321|1847|由于会车灯光会造成""光盲""要提前注意会车点路面，注意""独眼灯""车，放宽会车距离
-1|20161102115345|321|1848|第四谨慎超车注意直线距离：夜间超车一定要有足够的直线距离，无论如何不要在弯道中超车
-1|20161102115345|321|1849|超车前应接近前车后以变换灯光的方式来提醒前车减速让道，待对方做出让行动作时再加速
-1|20161102115345|321|1850|第五细心观察注意路标提示：在有道路标线的道路上行驶时较容易判断道路的路形，但如果是夜间行驶在无标线的道路上，就要仔细观察指示牌和路边的路碑了
-1|20161102115345|321|1851|遇有疑问时一定要减速甚至停车探明情况后再上路
-1|20161102115345|321|1852|第六??控制车速随时注意仪表：因为能见度差，周围速度参照物不易辨认，所以夜间行车从视觉感受上对车速的判断相对偏低，许多人会下意识提高车速
-1|20161102115345|321|1853|因此要随时注意察看仪表板上的时速表和发动机转速表，把车速控制在安全速度以下
-1|20161102115345|321|1854|????????????????????????★??N个不能超车的原则拐弯的时候不能超；前方有路口的时候不能超；红灯变绿灯起步时；在没有完全通过路口时不要超；前车速度不正常或不让超时不超；对方有来车不超；视线不良不超；有行人在横道线上不超；出机场、狭路、隧道不超；过铁路道口不超；人多地段不超；通过桥梁时不超；总之不违章超车
-1|20161102115345|321|1855|?????????????????????★观察时应遵循的原则：一是注意力集中到行驶路线上中心区域；二是做到快速观察交通情况，并能迅速转移，对重要目标观察时间要长一些；三是适当观察侧方和后方情况
-1|20161102115345|321|1856|??????????????????????★?开车谨记9条原则一不：车辆通过闹市受阻时不要急躁
-1|20161102115345|321|1857|二要：两车交会前要提前降低车速；车辆转弯前要减速、鸣喇叭并靠右行驶
-1|20161102115345|321|1858|三查：对车辆安全部位，出车前要查；行车途中要查；返回车场后要查
-1|20161102115345|321|1859|四看：出车看气候；行车看风向；鸣喇叭看反应；遇人、车看动态
-1|20161102115345|321|1860|五不开：宽阔道路不开“英雄车”；复杂地段不开冒险车；熟悉道路不开麻痹车；任务紧急不开急躁车；遇到情况不开赌气车
-1|20161102115345|321|1861|六让：你追我让；你抢我让；你冲我让；你强我让；你挤我让；你急我让
-1|20161102115345|321|1862|七防：下雨要防滑；跟车要防前车紧急制动；见行人过马路要防急穿；遇骑自行车人要防急转猛拐；过道路口要防争道抢行；见老人过马路要防“回马枪”；遇雾、暴雨、大风等恶劣天气要防突然情况
-1|20161102115345|321|1863|八快：遇到紧急情况制动反应要快；遇到险情应变措施要快；在铁路轨道内发生故障撤离要快；发生伤人事故抢救要快；遇执行任务的特种车礼让要快；排除机械隐患要快；掌握交通信息要快；保养车辆要勤快
-1|20161102115345|321|1864|九慢：进出城镇、乡村道路要慢；遇到行人稠密、儿童玩耍及盲、聋、哑人过路要慢；通过傍山、险路、狭桥、铁道、山坡要慢；起步、停车、调头要慢；装运易燃、易爆、易碎物品行车要慢；拐弯、狭路要慢；通过交叉路口时要慢；交会车要慢；视线不良要慢
-1|20161102115345|321|1865|???????????????????????★?行?车?总?原?则???????????给人方便，自己方便；予人安全，自己安全
-1|20161102115345|321|1866|????新老驾驶员车友们：驾车中请自觉遵守交通法规、尊重交通公德、不与车争，不与人争
-1|20161102115345|321|1867|??老新驾驶员车友们，让“文明行车从我做起”，“小心开车，因为生命是不可能复制的
-1|20161102115345|321|1868|"
-1|20161102115345|322|1869|关于上汽集团员工优惠政策（大众车系），等的蛋痛了还没出来，万能的论坛有哪位兄弟有资料的Pm或发下，只看到通用车系，选车进行到一半呀
-1|20161102115345|323|1870|我潜水3年了，，，学了本快2年了，，，号也摇了快2年了，，，对车也有了不少了解，，，我就是很机动能有k5的出现，让我觉得找到了完美，，15万，买个乞丐办的，1.4t速腾，还是买个k5d版，，我想大众的魅力，就连k5身上的全顶天窗都比不了，要牌子不要豪华，要牌子不要样子，要牌子就要打肿脸充胖子，呵呵，，我才不，，，，遥到号立马定车，，，k5等我，，，启亚怎么了，垃圾吗，它能让我花少的钱替我买回时尚，替我买回豪华科技感，替我买回舒适于宁静，不错的6速手自一体，节油的nu发动机，15w大米买回的让我满足，
-1|20161102115345|324|1871|如题，年前刚提的车，全办完差点十六万，想换自动的，大家说折多少
-1|20161102115345|324|1872|QQ10886089
-1|20161102115345|325|1873|看了论坛及各家汽车网站，图片怎么都只有豪华型的呀
-1|20161102115345|325|1874|哪位大哥发点2.0领先型的图片呀，期待中
-1|20161102115345|326|1876|刚首保完
-1|20161102115345|326|1877|好像油耗降下来了原来11个半
-1|20161102115345|326|1878|现在10个半
-1|20161102115345|326|1879|求解答
-1|20161102115345|327|1880|徘徊犹豫了很久，北京现代，起亚智跑，起亚K5一路艰辛的选了过来
-1|20161102115345|327|1881|最终选择了K5
-1|20161102115345|327|1882|?我也在之前联系了我们这边的ssss店
-1|20161102115345|327|1883|拿到了材料
-1|20161102115345|327|1884|但是还是想请教下各位
-1|20161102115345|327|1885|?按揭分期付款的话
-1|20161102115345|327|1886|如何办理
-1|20161102115345|327|1887|是先付定金，等车到了后提车还是先付首付款，ssss调车和等银行通知在去提车
-1|20161102115345|327|1888|?????????????纠结~郁闷~?????????????????????????????请有经验的大哥大姐赐教
-1|20161102115345|327|1889|不胜感激
-1|20161102115345|328|1891|赶紧重新启动，可是没有走10m，故障再次出现，重复试了多次，故障依旧，当时那个心情可想而知；下车检查轮胎，不是很烫，不像拖刹，当时也没办法了，给轮胎猛浇矿泉水，试了还是没什么好转，只要一加速车身就发抖，感觉快起火就踩离合器，就是用这种方法，以25KM/H的速度龟行，25KM的高速路我走了一个多小时，交警不让我停在减速带，还好没拖车
-1|20161102115345|328|1892|出了高速路时奇迹发生了，在一条乡道上试着加速，故障不再出现
-1|20161102115345|328|1894|事后分析可能：1、高速路的路面不平整
-1|20161102115345|328|1895|难道C30不能走这种路面吗
-1|20161102115345|328|1899|与4s反映过，未果
-1|20161102115345|328|1900|请各位分析下吧
-1|20161102115345|329|1901|发改委将于3月20日凌晨起上调成品油零售价
-1|20161102115345|329|1902|卓创资讯最终核实，发改委今晚将上调汽柴油零售价600元/吨，汽油约0.44元/升，柴油约0.51元/升
-1|20161102115345|329|1903|兄弟们，油价涨到8块，你还是每天开车到处溜达吗
-1|20161102115345|330|1904|??因为个人原因没有买成途途车，定车前在陶宝网上给途途买了六件外型装饰品一共550元，现在售350元可以包快递寄出，东西还是全新，希望群里各位朋友有诚意.请楼主手下留情，本人绝对不是陶宝店出售的，谢谢
-1|20161102115345|330|1905|?
-1|20161102115345|331|1906|????2012年2月8日上午吴先生一家四口乘坐全进口奔驰E260轿车从凭祥前往南宁，当天为阴天，道路状况平整良好，上午9时50分，车辆以120KM/H行驶到南友高速134公里处时，发动机仪表故障灯闪烁，司机即降速靠边停车，停稳后下车发现，发动机舱冒烟，司机马上通知其他乘客全部离开车辆，随后发动机底下的挡板起火燃烧，发现起火后，司机取出车配的灭火器灭火，并借用其它车辆的灭火器一并灭火，但仍然无法控制火势
-1|20161102115345|331|1907|在灭火的同时车主拨通110,119求援，并联系了保险公司和南宁冠星4S店
-1|20161102115345|331|1908|40分钟后消防队赶到并把火扑灭
-1|20161102115345|331|1909|除了乘客下车时随身携带的少部分财务，车辆与车辆上的财物、个人手机、证件全部烧毁
-1|20161102115345|331|1910|过程中无人员伤亡
-1|20161102115345|331|1911|????据了解该车车于2012年2月2日在南宁冠星4S店保养以及检测过
-1|20161102115345|331|1912|到出事时，跑了不到700公里
-1|20161102115345|331|1913|该车买了不到两年，仍在质保期内，没有做过任何改动
-1|20161102115345|331|1914|车主提出双方共同委托有资质的第三方验车，奔驰方拒绝，坚持要自己验车，最后吴先生也答应了，但是吴先生要求要拍下过程，车主认为他不是技术人员，什么都不知道，车被拆后，剩下能保护他们的只有这段录像了
-1|20161102115345|331|1915|可是奔驰还是拒绝了车主的这个要求
-1|20161102115345|331|1916|先是不准记者在场，车主配合，然后不准保险人员在场，车主也配合他们的工作，但是还是不允许全程拍摄
-1|20161102115345|331|1917|车主告诉我们，德国技术人员说只能拍照且不可以拍到他们人，因涉及他们的肖像权，视频不能拍，只能拍拆前和拆后
-1|20161102115345|331|1918|最后吴先生还是没有答应其拆车
-1|20161102115345|331|1919|事发时吴先生要求提供个代步车，在多次要求下，奔驰方提供了一辆十年的帕萨特，并且保险已过期
-1|20161102115345|331|1920|吴先生没有要
-1|20161102115345|331|1921|过程中吴先生也请有律师与奔驰方交涉并且通过媒体寻求帮助，但是奔驰方依然不作出任何的合情理的解决方案
-1|20161102115345|331|1922|在吴先生多次主动交涉无果下，3月15日，吴先生无奈将车子拖到4S店维权，已经请工商等相关部门介入，但是各方面还得不到回应
-1|20161102115345|331|1923|车主目前依然没有得到任何实质性的回应
-1|20161102115345|331|1924|??上网搜了一下，奔驰自燃还真不少，近来在全国各地没几天就发生一起奔驰自燃，这个问题是不是应该要引起我们中国的奔驰粉丝们的重视了，奔驰车是否存在着安全隐患呢，作为中国的奔驰用户都有权知道真相，为什么在中国出事的车要走德国的流程，赔偿的时候却不是按照德国的法律呢，为什么你奔驰可以即当运动员，又当裁判员，奔驰的承诺在中国有效吗
-1|20161102115345|331|1925|奔驰中国难道就这样对待我们中国的市场，还有这么多的奔驰用户吗，为什么
-1|20161102115345|331|1926|求真相
-1|20161102115345|331|1927|http://www.tudou.com/programs/view/zdOFBfOZegc新闻1http://www.nntv.cn/bdzx/2012-03/20/cms273185article.shtml新闻2http://v.youku.com/v_show/id_XMzY4ODQ2Nzg0.html发生自燃当天希望好心车友能给车主精神上的支持
-1|20161102115345|331|1928|各位把帖子顶起来，让奔驰把脸转过来
-1|20161102115345|331|1929|希望他最终会胜利
-1|20161102115345|331|1930|不过安全还是第一位的
-1|20161102115345|332|1931|最新图片?这个三个螺丝是最难上的，工具问题顶吧贴纸，哈哈第二难装后工字杠，前边的螺丝原车没有螺丝母，要自己放，位置有点难掌握今天终于收到淘宝的狮特六件套了，包装得很好，还在纸皮外面写易碎了，哈哈
-1|20161102115345|332|1932|收到后马上去安装，因为家里有亲戚开轮胎店的，有四轮定位机，所以就马上直奔店里安装
-1|20161102115345|332|1933|之前已经在论坛上看见过许多安装加强套件的贴了，奥德赛的论坛也基本天天在看，这个终于出手了
-1|20161102115345|332|1934|因为亲戚的店不是专业改车的，师傅也没有安装过这个东西，所以我就和他一起研究，所以安装过程也没有拍照，手脏到不得了到点里时应该四点多了，一直安装到7点左右才回家吃饭，暂时也没有开多少路，就是下定位机时明显觉得车辆底盘紧凑了许多，没有过去松散的感觉，转弯时也比过去好了点
-1|20161102115345|332|1935|安装前顶吧和后工字架时用的时间最长，前顶吧的位置比较小，工具比较难用，螺丝也难拧
-1|20161102115345|332|1936|图片只照了两张，因为安装时手脏，装完后天都黑了，如果车友想看图片
-1|20161102115345|332|1937|明日我一早再去拍ps同发爱卡因为在家里等快递等得寂寞，所以直接打电话去快递公司直接去提
-1|20161102115345|332|1938|坑爹的韵x每件都有独立包装和说明这个叫说明名字，生产日期什么的
-1|20161102115345|332|1939|狮特还是不错的还有说明书和几张贴纸明天在找个地方开开，发掘下新感觉
-1|20161102115345|333|1940|如题求解俺是新人
-1|20161102115345|334|1941|3月11号提车，周末带老婆去鹰潭龙虎山玩了一趟，心情特别愉悦，咱也是有车一族
-1|20161102115345|334|1942|上传几张爱车照片，求版主论证
-1|20161102115345|335|1943|新奥受伤第二天,掏宝里那卖家发留言给我说我要的装饰备齐了,立马拍了,但今天打电话给我说,轮眉,雾灯框,撤牌框
-1|20161102115345|335|1944|没货.前些天先把有的快递过来了.我晕.只能等星期一他们在补快递过来了.下午老婆电话说货物收到了,一回来马上拆开检查,没问题后立马去朋友修理厂,他亲自帮我贴了两个小时左右.贴好后,感觉就不一样了,看起来更加霸气了:)左前方包装很好拆开检查朋友亲手上加热工具装车朋友在烘软胶条左边效果.工作中车头很霸气工作中后防撞后箱条烘热中后防撞效果油箱盖效果门槛条，不想装带灯的效果情雨档，买专配，带卡扣的
-1|20161102115345|335|1945|因搭配问题，选择不带亮条的，效果看起来霸气吧屁股最后上下第三箱油的油耗
-1|20161102115345|335|1946|总已行驶1500左右公里，真不知是我对它太温柔，还是它舍不得我多花钱，这油毫确实够低啊：）最高跟最低都是8
-1|20161102115345|335|1947|3升而已：）
-1|20161102115345|336|1948|如题
-1|20161102115345|336|1949|?
-1|20161102115345|337|1950|小三要铺地胶吗到底好不好啊费用大概多少啊还有在外面全车贴膜要多少钱(不是在4S哈)
-1|20161102115345|338|1951|小女子无才，首次详细作业，特向版主申精
-1|20161102115345|338|1952|提车小三有9个月了，之所以在6846公里二保，原因有几点：（有点罗嗦哈）1、于2011年6月19日把亲爱的小三接回家，成都红牌楼建国的美女销售张XX千叮呤万嘱咐的告诉我，姐，新车在三个月或者5000公里一定要来首保哟
-1|20161102115345|338|1953|由于是女同志，开始也不太了解保养的时间，所以谨记了此美女的忠告
-1|20161102115345|338|1954|2、同年9月18日，三个月期到了，才了2102公里，想起张XX销售告诉我三个月首保，没办法时间到了，还是得去保吧
-1|20161102115345|338|1955|3、我以前租住的房屋离上班地点开车每天5分钟，各位应该知道距离了吧，2公里远
-1|20161102115345|338|1956|没办法，老公心疼我，小三就属于我的专车了
-1|20161102115345|338|1957|每天来回也只有4公里，加上一个月来回娘家一次，来回足足100公里，三个月2102公里，也算小有成绩哈
-1|20161102115345|338|1958|4、首保没交作业，首保后加入了现在腾翼C30成都车友会，才对车车开始有一点点的了解，很惭愧呀
-1|20161102115345|338|1959|5、加入车友会后，从群讨论中才晓得首保是半年或者4500-5000公里，我当时心里那个恨呀，很想投诉那个销售了，心里也起火的很，想起提车当天，雨刮就蹬蹬蹬的跳，烟灰缸自动弹出，排气管异响，提车17天，转向灯烧掉了，想起这些，心里真不是滋味了，就打电话找了建国4S售后，那边告诉我是半年或5000公里保养，顿时我那个心呀，疼，我又打电话给销售张XX，她言辞凿凿的告诉我，确实是三个月或5000公里，我当时就无语了，于是致电4S售后，那边解释说，可能是某些销售人员不太了解各种车的保养时间，才造成这样的误会，听着态度还诚比较恳，要不是态度还行，我直接就投诉了
-1|20161102115345|338|1961|6、此后慢慢等待二保
-1|20161102115345|338|1962|终于搬家了，每天开车上下班，共14公里，小三也开始了真正磨合的过程了
-1|20161102115345|338|1963|7、小三进门9个月了，我鱼2012年3月16日到了都江堰长丰服务站保养
-1|20161102115345|338|1964|行驶公里6846公里，比同期二保的车车公里数少了一大截
-1|20161102115345|338|1965|下面晒图：长丰维修师傅打开引擎盖正面再来一张晒晒长丰汽车维修卡我的汽车保养单二保自费换机油、机油格免费换燃油滤清器滤芯垫子垫好后，小三被升了起来维修师傅检查车底情况打开排油孔，开始放机油了，黑黑的，黏黏的，首保用的长城的专用机油排油中来张废机油特写没亲自进车间一同保养，还不知道机油多黑废机油和扔掉的机油格上我的新机油，壳牌喜力HX5?180米米呀来张防伪标识机油及操作台来张燃油滤清器包装，里面装有这次免费更换的燃油滤清器滤芯来张配件产地公司和电话号码编码和适用车型崭新的燃油滤清器放在地上来张正面再来张侧面新换上的机油格黑不溜逑的机油格长丰师父帮我添加新机油仔细测量油量再次测量帮我简单洗发动机内堂，嘉城在3月份可以免费清洗，但是太远了，我很少去成都，也找不到路，来回的油费，过路费，浪费一天时间，实在不划算，还是小女人精打细算点，能省则省了，舍远求近
-1|20161102115345|338|1966|这也是小女子的一种美德嘛，节约
-1|20161102115345|338|1967|不会太自夸了吧
-1|20161102115345|338|1968|清洗完毕的发动机又恢复了刚提车那会的洁净我的保养手册晒晒二保的公里数，和免费保养项目，检查项目保养完毕，还免费洗了车车，就是忘记照相了
-1|20161102115345|338|1969|晒晒我的费用清单保养前告诉我的，黄壳HX5180元，机油格35元，工时费20元，也不优惠工时费，前台一句话真欠扁，不收工时费，师傅吃啥呀
-1|20161102115345|338|1970|保养完毕后，235元的费用，象征性的给我减了点工时，总共花费220元
-1|20161102115345|338|1971|不然，真的差一点整成250了小三的二保到此完美落幕，掌声鼓励
-1|20161102115345|338|1972|!
-1|20161102115345|338|1973|谢谢
-1|20161102115345|339|1974|地区：长沙ssss店：长沙瑞特店看到各位的地区又是优惠2万，1万5以上的，我实在纠结了
-1|20161102115345|339|1975|裸车只能优惠1万2送的东西都没啥值钱的
-1|20161102115345|339|1976|到底现在入手值不值
-1|20161102115345|339|1977|各位给我出出主意
-1|20161102115345|340|1978|前两年就喜欢XC60，终于下定决心去买了，T6舒适，到店销售说优惠2W送全车贴膜（威固），由于有现车，咱也不着急慢慢划呗，漫长21天每天跟销售电话磨，终于那销售小伙子来电说，跟领导申请了好久，优惠4W，再多真不行了
-1|20161102115345|340|1979|达到了心理价位，第二天就准备去店里拿下，结果被老爹一口否决，嫌小，不够气派，没办法，老爹出米，沮丧，也怪难受，人家销售小伙子从开始一直到最后态度非常好，也怪过意不去的，如果有朋友最近准备出手，价都划好了，我可以帮的联系下，T6舒适，只有古铜和黑色现车QQ：171968291
-1|20161102115345|341|1980|关注C30了，最近在考驾照，深圳请问最近有同仁提车的吗
-1|20161102115345|341|1981|最好手舒价格能透露吗
-1|20161102115345|341|1982|有些什么配置
-1|20161102115345|342|1983|上海的一个4S店，说是3万订金，9月才能提车
-1|20161102115345|342|1984|要拿现车，也有办法，大家都懂得现在在纠结，是买锐志玄装(24万左右），还是买LEXUS的CT200H（26万多，省油），X1真心漂亮，全景天窗好啊
-1|20161102115345|343|1985|1.6标准版，家用
-1|20161102115345|343|1986|清单：1.尾翼，降低空气阻力，高速行驶，可以一定量降低油耗
-1|20161102115345|343|1987|2.全窗防爆膜，这个不用说，小孩子都知道
-1|20161102115345|343|1988|3.全车座套，保护原装座椅
-1|20161102115345|343|1989|4.小头枕，让颈部更舒适
-1|20161102115345|343|1990|5.金属脚踏，防滑，美观
-1|20161102115345|343|1991|6.DVD导航，集多种功能于一身，必须的
-1|20161102115345|343|1992|7.方向盘套，我个人感觉要加装，手掌大
-1|20161102115345|343|1993|8.晴雨挡，听名字就知道了
-1|20161102115345|343|1994|9.腰靠，长期驾驶必备
-1|20161102115345|343|1995|10.尾部雨刮，我的车没有，没法，这潮湿兼大雾天气，挺无奈
-1|20161102115345|343|1996|不知道这十样东西弄下来，要多少钱了
-1|20161102115345|345|1997|1个月的新车，悲惨被划，我不想走保险，要是便宜就在小店自费修了，大家看看修了要多少钱
-1|20161102115345|345|1998|路边店修理效果如何
-1|20161102115345|345|1999|修完后能看的出来吗
-1|20161102115345|347|2000|至今，提车22天，行程1100公里（999和1000的没能拍到，那会自己走在闹市区，那速度叫一个爬啊），打火一直很给力
-1|20161102115345|347|2001|今天天气不好，阴天，毛毛细雨
-1|20161102115345|347|2002|开车出门，行驶5公里后停车约6小时，拧钥匙，停到启动声音，大约5秒后，还没打着火
-1|20161102115345|347|2003|再来一次
-1|20161102115345|347|2004|OK~打着了~做个记录
-1|20161102115345|348|2005|2,5特别版的车内的皇冠标是发光的,但发现有一个不亮了!小标是3个小的LED泡的有一个不亮,这个索赔吗,好换吗!
-1|20161102115345|349|2006|手刹拉起时没疙瘩疙瘩的行程音大家是这种情况吗
-1|20161102115345|350|2007|俺的小三遥控钥匙没电了，咋办，怎么打开上电池，求助
-1|20161102115345|351|2008|有大侠介绍介绍哪个淘宝店有卖的，比较合适的摄像头吗
-1|20161102115345|351|2009|?
-1|20161102115345|352|2010|先说说价格，T5舒适没有优惠，不加价，有2量现车（一台蓝色，另一台不详）；T5智雅优惠2.3w；T6舒适优惠3.6W，其它没问
-1|20161102115345|352|2011|这些都是销售报的价格，真要提车肯定还能砍，比去年价格给力不少
-1|20161102115345|352|2012|今天4S人不多，就要求T6、T5先后试驾，销售的帅哥人不错，一口就答应了
-1|20161102115345|352|2013|先试的T6舒适，两个字给力给力给力，不用S档已经相当猛了，换上S档就是一台野兽，最关键的是发动机声音相当好听，没有歇斯底里的乱吼，感觉像一头慢跑的雄狮，无论什么速度只要给油都能唤醒它的激情，在高速上一不小心就140了
-1|20161102115345|352|2014|我看了一眼车的综合油耗居然只有13.1L/100KM，难以相信，怀疑4S是不是做过什么手脚，呵呵
-1|20161102115345|352|2015|回来后又试驾了T5，动力绝对够用，又看了油耗有15.2L/100KM，高了些，但考虑到是试驾车，属于正常范畴，但想想T6的油耗，就有点疑惑了，其它感觉差不多
-1|20161102115345|352|2016|对T5、T6油耗的补充，据说T6日常他们也开，司机可能开车比较温柔，所以油耗下降
-1|20161102115345|352|2017|另外猜测是不是T6的变速箱比T5更好
-1|20161102115345|352|2018|我认为的优点：1、视野好，比新CRV强（VV之前先试驾了CRV，这样试驾VV才有对比，嘿嘿）2、地盘很紧凑，高速过砍很棒，低速过砍还是有些颠簸3、时速150KM以下噪音控制的不错；我认为的缺点：1、1档升2档有顿挫感2、浅色内饰不禁脏，尤其方向盘，肯定要上套才行，另外档把手感欠佳，感觉像塑料的?今天又种了一棵草，完美的T6啊
-1|20161102115345|352|2020|T5我的遗憾是没有四驱和深色内饰（虽然T6舒适也是浅色内饰），让我纠结啊，啥时候T5也上四驱啊
-1|20161102115345|353|2021|本人1.90270斤外表是结实的那种
-1|20161102115345|353|2022|想买一辆全办完28万以内的车
-1|20161102115345|353|2023|以前开过朋友的7代8代雅阁和老款奥德赛都是2.4的
-1|20161102115345|353|2024|感觉还行
-1|20161102115345|353|2025|再就是新款奥德赛有没有什么通病什么的啊
-1|20161102115345|353|2026|除了雅阁和奥德赛还有别的推荐吗
-1|20161102115345|353|2027|谢谢大家了
-1|20161102115345|354|2028|TB淘了一个头层牛皮的手缝方向盘套，然后翻过来缝合
-1|20161102115345|354|2029|手感一流
-1|20161102115345|355|2030|刹车油，手动变速箱油跑多少公里换
-1|20161102115345|356|2031|近期准备入手A3，逛了逛这个坛子，太多太多的DSG问题了，说法不一，搞不清真相
-1|20161102115345|356|2032|我就想问一个问题，据我了解奥迪还有好多车都是用的DSG，比如：A1、A5、A7、Q5等等，这些车用的和A3的一不一样啊
-1|20161102115345|356|2033|这些车的DSG都跟A3一样有那么多毛病啊
-1|20161102115345|356|2034|没看到像A3闹得那么激烈啊~~~~~求解答
-1|20161102115345|357|2035|为什么坐在09款b50里面跟做我11款b50里面完全就两个样，为啥09款没异响
-1|20161102115345|357|2036|淡定哎
-1|20161102115345|358|2037|http://v.youku.com/v_show/id_XMzY4MTg1OTg4.html加速时有点杂音是摄影支架的声音，行车时没有听见，看看有木有你们说的杂音，车况如何
-1|20161102115345|359|2038|刚去五菱荣光论坛看了，那车前脸是平的，没有防撞梁，我想问一下菱智既然叫商务，那就要有和面包本质的区别，求解
-1|20161102115345|360|2039|?各位车友好：????小弟初来驾到，多多包涵
-1|20161102115345|360|2040|一直以来小弟有个梦想买辆X1（由于资金有限一直没能圆梦），如今国产了，又勾起了买X1的想法，可是不仅万恶的4s店加价，而且现在18i时尚型流言蜚语真的太多了，有没有哪位大侠已经拿到18i时尚型，麻烦您拍几个照片传上来看看（不要传海外版的,还是有差距的），主要是内饰，我是新疆乌鲁木齐市的，我们这加价3万，而且销售说时尚型只是作为宣传就算产也不会生产太多更别说我们能买上了，X1主推的是全系豪华型，不是时尚型，是否有此事
